 ****** PARAMETERS *****
   2.60999990      NEKTON VERSION
   3 DIMENSIONAL RUN
         118  PARAMETERS FOLLOW                                                 
   1.00000     p001 DENSITY
  -20.0000     p002 VISCOS
   0.00000     p003
   0.00000     p004
   0.00000     p005
   0.00000     p006
   0.00000     p007 RHOCP
   1.00000     p008 CONDUCT
   0.00000     p009
   0.00000     p010 FINTIME
   1000.00     p011 NSTEPS
 -0.100000E-03 p012 DT
   0.00000     p013 IOCOMM
   0.00000     p014 IOTIME
   100.000     p015 IOSTEP
   0.00000     p016 PSSOLVER: 0=default
   0.00000     p017
  0.500000E-01 p018 GRID < 0 --> # cells on screen
   0.00000     p019 INTYPE
   0.00000     p020 NORDER
  0.100000E-10 p021 DIVERGENCE
  0.100000E-11 p022 HELMHOLTZ
   0.00000     p023 NPSCAL
  0.100000E-09 p024 TOLREL
  0.100000E-09 p025 TOLABS
   1.00000     p026 COURANT/NTAU
   3.00000     p027 TORDER
   0.00000     p028 TORDER: mesh velocity (0: p28=p27)
   0.00000     p029 = magnetic visc if > 0, = -1/Rm if < 0
   0.00000     p030 > 0 ==> properties set in uservp()
   0.00000     p031 NPERT: #perturbation modes
   0.00000     p032 #BCs in re2 file, if > 0
   0.00000     p033
   0.00000     p034
   0.00000     p035
   0.00000     p036
   0.00000     p037
   0.00000     p038
   0.00000     p039
   0.00000     p040
   0.00000     p041 1-->multiplicative SEMG
   0.00000     p042 0=gmres/1=pcg
   1.00000     p043 0=semg/1=schwarz
   0.00000     p044 0=E-based/1=A-based prec.
   0.00000     p045 Relaxation factor for DTFS
   0.00000     p046 reserved
   0.00000     p047 vnu: mesh matieral prop.
   0.00000     p048
   0.00000     p049
   0.00000     p050
   0.00000     p051
   0.00000     p052 IOHIS
   0.00000     p053
   0.00000     p054 fixed flow rate dir: |p54|=1,2,3=x,y,z
   0.00000     p055 vol.flow rate (p54>0) or Ubar (p54<0)
   0.00000     p056
   0.00000     p057
   0.00000     p058
   0.00000     p059 !=0 --> full Jac. eval. for each el.
   0.00000     p060 !=0 --> init. velocity to small nonzero
   0.00000     p061
   0.00000     p062 >0 --> force byte_swap for output
   0.00000     p063 =8 --> force 8-byte output
   0.00000     p064 =1 --> perturbation restart
   0.00000     p065 #iofiles (eg, 0 or 64); <0 --> sep. dirs
   6.00000     p066 output : <0=ascii, else binary
   6.00000     p067 restart: <0=ascii, else binary
   0.00000     p068 iastep: freq for avg_all (0=iostep)
   0.00000     p069
   0.00000     p070
   0.00000     p071
   0.00000     p072
   0.00000     p073
   0.00000     p074 verbose Helmholtz
   0.00000     p075
   0.00000     p076
   0.00000     p077
   0.00000     p078
   0.00000     p079
   0.00000     p080
   0.00000     p081
   0.00000     p082
   0.00000     p083
   0.00000     p084 !=0 --> sets initial timestep if p12>0
   0.00000     p085 dt ratio if p84 !=0, for timesteps>0
   0.00000     p086 reserved
   0.00000     p087
   0.00000     p088
   0.00000     p089                p89 reserved
   0.00000     p090
   0.00000     p091
   0.00000     p092
   20.0000     p093 Number of previous pressure solns saved
   5.00000     p094 start projecting velocity after p94 step
   5.00000     p095 start projecting pressure after p95 step
   1.00000     p096                p96 u0 translational velo
  0.300000     p097                 p97 v0 translational vel
   0.00000     p098
   3.00000     p099 dealiasing: <0--> off/3--> old/4--> new
   0.00000     p100
   0.00000     p101 Number of additional modes to filter
   0.00000     p102 Dump out divergence at each time step
   0.00000     p103 weight of stabilizing filter (.01)
   0.00000     p104
   0.00000     p105
   0.00000     p106
   0.00000     p107 !=0 --> add to h2 array in hlmhotz eqn
   0.00000     p108
   0.00000     p109
   0.00000     p110
   0.00000     p111
   0.00000     p112
   0.00000     p113
   0.00000     p114
   0.00000     p115
   0.00000     p116 !=0: x elements for fast tensor product
   0.00000     p117 !=0: y elements for fast tensor product
   0.00000     p118 !=0: z elements for fast tensor product
      4  Lines of passive scalar data follows2 CONDUCT; 2RHOCP
   1.00000       1.00000       1.00000       1.00000       1.00000
   1.00000       1.00000       1.00000       1.00000
   1.00000       1.00000       1.00000       1.00000       1.00000
   1.00000       1.00000       1.00000       1.00000
          13   LOGICAL SWITCHES FOLLOW
 T      IFFLOW
 F      IFHEAT
 T      IFTRAN
 T F F F F F F F F F F  IFNAV & IFADVC (convection in P.S. fields)
 F F T T T T T T T T T T  IFTMSH (IF mesh for this field is T mesh)
 F      IFAXIS
 F      IFSTRS
 F      IFSPLIT
 F      IFMGRID
 F      IFMODEL
 F      IFKEPS
 F      IFMVBD
 F      IFCHAR
   8.00000       8.00000     -0.500000      -4.00000     XFAC,YFAC,XZERO,YZERO
 **MESH DATA** 6 lines are X,Y,Z;X,Y,Z. Columns corners 1-4;5-8
        1260  3        1260           NEL,NDIM,NELV
     ELEMENT           1 [    1A]    GROUP    0
  0.226656E+00  0.333117E+00  0.285671E+00  0.197315E+00
  0.226656E+00  0.197315E+00  0.285671E+00  0.333117E+00
 -0.250000E+00 -0.250000E+00 -0.250000E+00 -0.250000E+00
  0.226656E+00  0.333117E+00  0.285671E+00  0.197315E+00
  0.226656E+00  0.197315E+00  0.285671E+00  0.333117E+00
 -0.178571E+00 -0.178571E+00 -0.178571E+00 -0.178571E+00
     ELEMENT           2 [    1B]    GROUP    0
  0.451906E+00  0.468525E+00  0.500000E+00  0.482963E+00
  0.122244E+00  0.000000E+00  0.000000E+00  0.129410E+00
 -0.250000E+00 -0.250000E+00 -0.250000E+00 -0.250000E+00
  0.451906E+00  0.468525E+00  0.500000E+00  0.482963E+00
  0.122244E+00  0.000000E+00  0.000000E+00  0.129410E+00
 -0.178571E+00 -0.178571E+00 -0.178571E+00 -0.178571E+00
     ELEMENT           3 [    1C]    GROUP    0
  0.236181E+00  0.335748E+00  0.353553E+00  0.250000E+00
  0.406811E+00  0.335748E+00  0.353553E+00  0.433013E+00
 -0.250000E+00 -0.250000E+00 -0.250000E+00 -0.250000E+00
  0.236181E+00  0.335748E+00  0.353553E+00  0.250000E+00
  0.406811E+00  0.335748E+00  0.353553E+00  0.433013E+00
 -0.178571E+00 -0.178571E+00 -0.178571E+00 -0.178571E+00
     ELEMENT           4 [    1D]    GROUP    0
  0.000000E+00  0.126667E+00  0.123809E+00  0.000000E+00
  0.000000E+00  0.000000E+00  0.123809E+00  0.126667E+00
 -0.250000E+00 -0.250000E+00 -0.250000E+00 -0.250000E+00
  0.000000E+00  0.126667E+00  0.123809E+00  0.000000E+00
  0.000000E+00  0.000000E+00  0.123809E+00  0.126667E+00
 -0.178571E+00 -0.178571E+00 -0.178571E+00 -0.178571E+00
     ELEMENT           5 [    1E]    GROUP    0
  0.190832E+00  0.236232E+00  0.000000E+00  0.000000E+00
  0.612759E+00  0.708696E+00  0.708696E+00  0.620000E+00
 -0.250000E+00 -0.250000E+00 -0.250000E+00 -0.250000E+00
  0.190832E+00  0.236232E+00  0.000000E+00  0.000000E+00
  0.612759E+00  0.708696E+00  0.708696E+00  0.620000E+00
 -0.178571E+00 -0.178571E+00 -0.178571E+00 -0.178571E+00
     ELEMENT           6 [    1F]    GROUP    0
  0.253333E+00  0.380000E+00  0.364560E+00  0.245329E+00
  0.000000E+00  0.000000E+00  0.102091E+00  0.115617E+00
 -0.250000E+00 -0.250000E+00 -0.250000E+00 -0.250000E+00
  0.253333E+00  0.380000E+00  0.364560E+00  0.245329E+00
  0.000000E+00  0.000000E+00  0.102091E+00  0.115617E+00
 -0.178571E+00 -0.178571E+00 -0.178571E+00 -0.178571E+00
     ELEMENT           7 [    1G]    GROUP    0
  0.000000E+00  0.123809E+00  0.115617E+00  0.000000E+00
  0.126667E+00  0.123809E+00  0.245329E+00  0.253333E+00
 -0.250000E+00 -0.250000E+00 -0.250000E+00 -0.250000E+00
  0.000000E+00  0.123809E+00  0.115617E+00  0.000000E+00
  0.126667E+00  0.123809E+00  0.245329E+00  0.253333E+00
 -0.178571E+00 -0.178571E+00 -0.178571E+00 -0.178571E+00
     ELEMENT           8 [    1H]    GROUP    0
  0.123809E+00  0.245329E+00  0.226656E+00  0.115617E+00
  0.123809E+00  0.115617E+00  0.226656E+00  0.245329E+00
 -0.250000E+00 -0.250000E+00 -0.250000E+00 -0.250000E+00
  0.123809E+00  0.245329E+00  0.226656E+00  0.115617E+00
  0.123809E+00  0.115617E+00  0.226656E+00  0.245329E+00
 -0.178571E+00 -0.178571E+00 -0.178571E+00 -0.178571E+00
     ELEMENT           9 [    1I]    GROUP    0
  0.245329E+00  0.364560E+00  0.333117E+00  0.226656E+00
  0.115617E+00  0.102091E+00  0.197315E+00  0.226656E+00
 -0.250000E+00 -0.250000E+00 -0.250000E+00 -0.250000E+00
  0.245329E+00  0.364560E+00  0.333117E+00  0.226656E+00
  0.115617E+00  0.102091E+00  0.197315E+00  0.226656E+00
 -0.178571E+00 -0.178571E+00 -0.178571E+00 -0.178571E+00
     ELEMENT          10 [    1J]    GROUP    0
  0.000000E+00  0.115617E+00  0.102091E+00  0.000000E+00
  0.253333E+00  0.245329E+00  0.364560E+00  0.380000E+00
 -0.250000E+00 -0.250000E+00 -0.250000E+00 -0.250000E+00
  0.000000E+00  0.115617E+00  0.102091E+00  0.000000E+00
  0.253333E+00  0.245329E+00  0.364560E+00  0.380000E+00
 -0.178571E+00 -0.178571E+00 -0.178571E+00 -0.178571E+00
     ELEMENT          11 [    1K]    GROUP    0
  0.115617E+00  0.226656E+00  0.197315E+00  0.102091E+00
  0.245329E+00  0.226656E+00  0.333117E+00  0.364560E+00
 -0.250000E+00 -0.250000E+00 -0.250000E+00 -0.250000E+00
  0.115617E+00  0.226656E+00  0.197315E+00  0.102091E+00
  0.245329E+00  0.226656E+00  0.333117E+00  0.364560E+00
 -0.178571E+00 -0.178571E+00 -0.178571E+00 -0.178571E+00
     ELEMENT          12 [    1L]    GROUP    0
  0.285671E+00  0.333117E+00  0.374058E+00  0.313492E+00
  0.285671E+00  0.197315E+00  0.218907E+00  0.313492E+00
 -0.250000E+00 -0.250000E+00 -0.250000E+00 -0.250000E+00
  0.285671E+00  0.333117E+00  0.374058E+00  0.313492E+00
  0.285671E+00  0.197315E+00  0.218907E+00  0.313492E+00
 -0.178571E+00 -0.178571E+00 -0.178571E+00 -0.178571E+00
     ELEMENT          13 [    1M]    GROUP    0
  0.333117E+00  0.364560E+00  0.413086E+00  0.374058E+00
  0.197315E+00  0.102091E+00  0.113287E+00  0.218907E+00
 -0.250000E+00 -0.250000E+00 -0.250000E+00 -0.250000E+00
  0.333117E+00  0.364560E+00  0.413086E+00  0.374058E+00
  0.197315E+00  0.102091E+00  0.113287E+00  0.218907E+00
 -0.178571E+00 -0.178571E+00 -0.178571E+00 -0.178571E+00
     ELEMENT          14 [    1N]    GROUP    0
  0.364560E+00  0.380000E+00  0.429180E+00  0.413086E+00
  0.102091E+00  0.000000E+00  0.000000E+00  0.113287E+00
 -0.250000E+00 -0.250000E+00 -0.250000E+00 -0.250000E+00
  0.364560E+00  0.380000E+00  0.429180E+00  0.413086E+00
  0.102091E+00  0.000000E+00  0.000000E+00  0.113287E+00
 -0.178571E+00 -0.178571E+00 -0.178571E+00 -0.178571E+00
     ELEMENT          15 [    1O]    GROUP    0
  0.313492E+00  0.374058E+00  0.406811E+00  0.335748E+00
  0.313492E+00  0.218907E+00  0.236181E+00  0.335748E+00
 -0.250000E+00 -0.250000E+00 -0.250000E+00 -0.250000E+00
  0.313492E+00  0.374058E+00  0.406811E+00  0.335748E+00
  0.313492E+00  0.218907E+00  0.236181E+00  0.335748E+00
 -0.178571E+00 -0.178571E+00 -0.178571E+00 -0.178571E+00
     ELEMENT          16 [    1P]    GROUP    0
  0.374058E+00  0.413086E+00  0.451906E+00  0.406811E+00
  0.218907E+00  0.113287E+00  0.122244E+00  0.236181E+00
 -0.250000E+00 -0.250000E+00 -0.250000E+00 -0.250000E+00
  0.374058E+00  0.413086E+00  0.451906E+00  0.406811E+00
  0.218907E+00  0.113287E+00  0.122244E+00  0.236181E+00
 -0.178571E+00 -0.178571E+00 -0.178571E+00 -0.178571E+00
     ELEMENT          17 [    1Q]    GROUP    0
  0.413086E+00  0.429180E+00  0.468525E+00  0.451906E+00
  0.113287E+00  0.000000E+00  0.000000E+00  0.122244E+00
 -0.250000E+00 -0.250000E+00 -0.250000E+00 -0.250000E+00
  0.413086E+00  0.429180E+00  0.468525E+00  0.451906E+00
  0.113287E+00  0.000000E+00  0.000000E+00  0.122244E+00
 -0.178571E+00 -0.178571E+00 -0.178571E+00 -0.178571E+00
     ELEMENT          18 [    1R]    GROUP    0
  0.335748E+00  0.406811E+00  0.433013E+00  0.353553E+00
  0.335748E+00  0.236181E+00  0.250000E+00  0.353553E+00
 -0.250000E+00 -0.250000E+00 -0.250000E+00 -0.250000E+00
  0.335748E+00  0.406811E+00  0.433013E+00  0.353553E+00
  0.335748E+00  0.236181E+00  0.250000E+00  0.353553E+00
 -0.178571E+00 -0.178571E+00 -0.178571E+00 -0.178571E+00
     ELEMENT          19 [    1S]    GROUP    0
  0.406811E+00  0.451906E+00  0.482963E+00  0.433013E+00
  0.236181E+00  0.122244E+00  0.129410E+00  0.250000E+00
 -0.250000E+00 -0.250000E+00 -0.250000E+00 -0.250000E+00
  0.406811E+00  0.451906E+00  0.482963E+00  0.433013E+00
  0.236181E+00  0.122244E+00  0.129410E+00  0.250000E+00
 -0.178571E+00 -0.178571E+00 -0.178571E+00 -0.178571E+00
     ELEMENT          20 [    1T]    GROUP    0
  0.000000E+00  0.102091E+00  0.113287E+00  0.000000E+00
  0.380000E+00  0.364560E+00  0.413086E+00  0.429180E+00
 -0.250000E+00 -0.250000E+00 -0.250000E+00 -0.250000E+00
  0.000000E+00  0.102091E+00  0.113287E+00  0.000000E+00
  0.380000E+00  0.364560E+00  0.413086E+00  0.429180E+00
 -0.178571E+00 -0.178571E+00 -0.178571E+00 -0.178571E+00
     ELEMENT          21 [    1U]    GROUP    0
  0.102091E+00  0.197315E+00  0.218907E+00  0.113287E+00
  0.364560E+00  0.333117E+00  0.374058E+00  0.413086E+00
 -0.250000E+00 -0.250000E+00 -0.250000E+00 -0.250000E+00
  0.102091E+00  0.197315E+00  0.218907E+00  0.113287E+00
  0.364560E+00  0.333117E+00  0.374058E+00  0.413086E+00
 -0.178571E+00 -0.178571E+00 -0.178571E+00 -0.178571E+00
     ELEMENT          22 [    1V]    GROUP    0
  0.197315E+00  0.285671E+00  0.313492E+00  0.218907E+00
  0.333117E+00  0.285671E+00  0.313492E+00  0.374058E+00
 -0.250000E+00 -0.250000E+00 -0.250000E+00 -0.250000E+00
  0.197315E+00  0.285671E+00  0.313492E+00  0.218907E+00
  0.333117E+00  0.285671E+00  0.313492E+00  0.374058E+00
 -0.178571E+00 -0.178571E+00 -0.178571E+00 -0.178571E+00
     ELEMENT          23 [    1W]    GROUP    0
  0.000000E+00  0.113287E+00  0.122244E+00  0.000000E+00
  0.429180E+00  0.413086E+00  0.451906E+00  0.468524E+00
 -0.250000E+00 -0.250000E+00 -0.250000E+00 -0.250000E+00
  0.000000E+00  0.113287E+00  0.122244E+00  0.000000E+00
  0.429180E+00  0.413086E+00  0.451906E+00  0.468524E+00
 -0.178571E+00 -0.178571E+00 -0.178571E+00 -0.178571E+00
     ELEMENT          24 [    1X]    GROUP    0
  0.113287E+00  0.218907E+00  0.236181E+00  0.122244E+00
  0.413086E+00  0.374058E+00  0.406811E+00  0.451906E+00
 -0.250000E+00 -0.250000E+00 -0.250000E+00 -0.250000E+00
  0.113287E+00  0.218907E+00  0.236181E+00  0.122244E+00
  0.413086E+00  0.374058E+00  0.406811E+00  0.451906E+00
 -0.178571E+00 -0.178571E+00 -0.178571E+00 -0.178571E+00
     ELEMENT          25 [    1Y]    GROUP    0
  0.218907E+00  0.313492E+00  0.335748E+00  0.236181E+00
  0.374058E+00  0.313492E+00  0.335748E+00  0.406811E+00
 -0.250000E+00 -0.250000E+00 -0.250000E+00 -0.250000E+00
  0.218907E+00  0.313492E+00  0.335748E+00  0.236181E+00
  0.374058E+00  0.313492E+00  0.335748E+00  0.406811E+00
 -0.178571E+00 -0.178571E+00 -0.178571E+00 -0.178571E+00
     ELEMENT          26 [    1Z]    GROUP    0
  0.000000E+00  0.122244E+00  0.129410E+00  0.000000E+00
  0.468524E+00  0.451906E+00  0.482963E+00  0.500000E+00
 -0.250000E+00 -0.250000E+00 -0.250000E+00 -0.250000E+00
  0.000000E+00  0.122244E+00  0.129410E+00  0.000000E+00
  0.468524E+00  0.451906E+00  0.482963E+00  0.500000E+00
 -0.178571E+00 -0.178571E+00 -0.178571E+00 -0.178571E+00
     ELEMENT          27 [    1a]    GROUP    0
  0.122244E+00  0.236181E+00  0.250000E+00  0.129410E+00
  0.451906E+00  0.406811E+00  0.433013E+00  0.482963E+00
 -0.250000E+00 -0.250000E+00 -0.250000E+00 -0.250000E+00
  0.122244E+00  0.236181E+00  0.250000E+00  0.129410E+00
  0.451906E+00  0.406811E+00  0.433013E+00  0.482963E+00
 -0.178571E+00 -0.178571E+00 -0.178571E+00 -0.178571E+00
     ELEMENT          28 [    1b]    GROUP    0
  0.500000E+00  0.531304E+00  0.516823E+00  0.482963E+00
  0.000000E+00  0.000000E+00  0.145433E+00  0.129410E+00
 -0.250000E+00 -0.250000E+00 -0.250000E+00 -0.250000E+00
  0.500000E+00  0.531304E+00  0.516823E+00  0.482963E+00
  0.000000E+00  0.000000E+00  0.145433E+00  0.129410E+00
 -0.178571E+00 -0.178571E+00 -0.178571E+00 -0.178571E+00
     ELEMENT          29 [    1c]    GROUP    0
  0.377917E+00  0.472464E+00  0.236232E+00  0.190832E+00
  0.591531E+00  0.708696E+00  0.708696E+00  0.612759E+00
 -0.250000E+00 -0.250000E+00 -0.250000E+00 -0.250000E+00
  0.377917E+00  0.472464E+00  0.236232E+00  0.190832E+00
  0.591531E+00  0.708696E+00  0.708696E+00  0.612759E+00
 -0.178571E+00 -0.178571E+00 -0.178571E+00 -0.178571E+00
     ELEMENT          30 [    1d]    GROUP    0
  0.612759E+00  0.708696E+00  0.708696E+00  0.591531E+00
  0.190832E+00  0.236232E+00  0.472464E+00  0.377917E+00
 -0.250000E+00 -0.250000E+00 -0.250000E+00 -0.250000E+00
  0.612759E+00  0.708696E+00  0.708696E+00  0.591531E+00
  0.190832E+00  0.236232E+00  0.472464E+00  0.377917E+00
 -0.178571E+00 -0.178571E+00 -0.178571E+00 -0.178571E+00
     ELEMENT          31 [    1e]    GROUP    0
  0.591531E+00  0.708696E+00  0.708696E+00  0.557760E+00
  0.377917E+00  0.472464E+00  0.708696E+00  0.557760E+00
 -0.250000E+00 -0.250000E+00 -0.250000E+00 -0.250000E+00
  0.591531E+00  0.708696E+00  0.708696E+00  0.557760E+00
  0.377917E+00  0.472464E+00  0.708696E+00  0.557760E+00
 -0.178571E+00 -0.178571E+00 -0.178571E+00 -0.178571E+00
     ELEMENT          32 [    1f]    GROUP    0
  0.353553E+00  0.406825E+00  0.283370E+00  0.250000E+00
  0.353553E+00  0.406825E+00  0.474365E+00  0.433013E+00
 -0.250000E+00 -0.250000E+00 -0.250000E+00 -0.250000E+00
  0.353553E+00  0.406825E+00  0.283370E+00  0.250000E+00
  0.353553E+00  0.406825E+00  0.474365E+00  0.433013E+00
 -0.178571E+00 -0.178571E+00 -0.178571E+00 -0.178571E+00
     ELEMENT          33 [    1g]    GROUP    0
  0.482963E+00  0.516823E+00  0.474365E+00  0.433013E+00
  0.129410E+00  0.145433E+00  0.283370E+00  0.250000E+00
 -0.250000E+00 -0.250000E+00 -0.250000E+00 -0.250000E+00
  0.482963E+00  0.516823E+00  0.474365E+00  0.433013E+00
  0.129410E+00  0.145433E+00  0.283370E+00  0.250000E+00
 -0.178571E+00 -0.178571E+00 -0.178571E+00 -0.178571E+00
     ELEMENT          34 [    1h]    GROUP    0
  0.433013E+00  0.474365E+00  0.406825E+00  0.353553E+00
  0.250000E+00  0.283370E+00  0.406825E+00  0.353553E+00
 -0.250000E+00 -0.250000E+00 -0.250000E+00 -0.250000E+00
  0.433013E+00  0.474365E+00  0.406825E+00  0.353553E+00
  0.250000E+00  0.283370E+00  0.406825E+00  0.353553E+00
 -0.178571E+00 -0.178571E+00 -0.178571E+00 -0.178571E+00
     ELEMENT          35 [    1i]    GROUP    0
  0.250000E+00  0.283370E+00  0.145433E+00  0.129410E+00
  0.433013E+00  0.474365E+00  0.516823E+00  0.482963E+00
 -0.250000E+00 -0.250000E+00 -0.250000E+00 -0.250000E+00
  0.250000E+00  0.283370E+00  0.145433E+00  0.129410E+00
  0.433013E+00  0.474365E+00  0.516823E+00  0.482963E+00
 -0.178571E+00 -0.178571E+00 -0.178571E+00 -0.178571E+00
     ELEMENT          36 [    1j]    GROUP    0
  0.129410E+00  0.145433E+00  0.000000E+00  0.000000E+00
  0.482963E+00  0.516823E+00  0.531304E+00  0.500000E+00
 -0.250000E+00 -0.250000E+00 -0.250000E+00 -0.250000E+00
  0.129410E+00  0.145433E+00  0.000000E+00  0.000000E+00
  0.482963E+00  0.516823E+00  0.531304E+00  0.500000E+00
 -0.178571E+00 -0.178571E+00 -0.178571E+00 -0.178571E+00
     ELEMENT          37 [    1k]    GROUP    0
  0.531304E+00  0.620000E+00  0.612759E+00  0.516823E+00
  0.000000E+00  0.000000E+00  0.190832E+00  0.145433E+00
 -0.250000E+00 -0.250000E+00 -0.250000E+00 -0.250000E+00
  0.531304E+00  0.620000E+00  0.612759E+00  0.516823E+00
  0.000000E+00  0.000000E+00  0.190832E+00  0.145433E+00
 -0.178571E+00 -0.178571E+00 -0.178571E+00 -0.178571E+00
     ELEMENT          38 [    1l]    GROUP    0
  0.406825E+00  0.557760E+00  0.377917E+00  0.283370E+00
  0.406825E+00  0.557760E+00  0.591531E+00  0.474365E+00
 -0.250000E+00 -0.250000E+00 -0.250000E+00 -0.250000E+00
  0.406825E+00  0.557760E+00  0.377917E+00  0.283370E+00
  0.406825E+00  0.557760E+00  0.591531E+00  0.474365E+00
 -0.178571E+00 -0.178571E+00 -0.178571E+00 -0.178571E+00
     ELEMENT          39 [    1m]    GROUP    0
  0.516823E+00  0.612759E+00  0.591531E+00  0.474365E+00
  0.145433E+00  0.190832E+00  0.377917E+00  0.283370E+00
 -0.250000E+00 -0.250000E+00 -0.250000E+00 -0.250000E+00
  0.516823E+00  0.612759E+00  0.591531E+00  0.474365E+00
  0.145433E+00  0.190832E+00  0.377917E+00  0.283370E+00
 -0.178571E+00 -0.178571E+00 -0.178571E+00 -0.178571E+00
     ELEMENT          40 [    1n]    GROUP    0
  0.474365E+00  0.591531E+00  0.557760E+00  0.406825E+00
  0.283370E+00  0.377917E+00  0.557760E+00  0.406825E+00
 -0.250000E+00 -0.250000E+00 -0.250000E+00 -0.250000E+00
  0.474365E+00  0.591531E+00  0.557760E+00  0.406825E+00
  0.283370E+00  0.377917E+00  0.557760E+00  0.406825E+00
 -0.178571E+00 -0.178571E+00 -0.178571E+00 -0.178571E+00
     ELEMENT          41 [    1o]    GROUP    0
  0.283370E+00  0.377917E+00  0.190832E+00  0.145433E+00
  0.474365E+00  0.591531E+00  0.612759E+00  0.516823E+00
 -0.250000E+00 -0.250000E+00 -0.250000E+00 -0.250000E+00
  0.283370E+00  0.377917E+00  0.190832E+00  0.145433E+00
  0.474365E+00  0.591531E+00  0.612759E+00  0.516823E+00
 -0.178571E+00 -0.178571E+00 -0.178571E+00 -0.178571E+00
     ELEMENT          42 [    1p]    GROUP    0
  0.145433E+00  0.190832E+00  0.000000E+00  0.000000E+00
  0.516823E+00  0.612759E+00  0.620000E+00  0.531304E+00
 -0.250000E+00 -0.250000E+00 -0.250000E+00 -0.250000E+00
  0.145433E+00  0.190832E+00  0.000000E+00  0.000000E+00
  0.516823E+00  0.612759E+00  0.620000E+00  0.531304E+00
 -0.178571E+00 -0.178571E+00 -0.178571E+00 -0.178571E+00
     ELEMENT          43 [    1q]    GROUP    0
  0.620000E+00  0.708696E+00  0.708696E+00  0.612759E+00
  0.000000E+00  0.000000E+00  0.236232E+00  0.190832E+00
 -0.250000E+00 -0.250000E+00 -0.250000E+00 -0.250000E+00
  0.620000E+00  0.708696E+00  0.708696E+00  0.612759E+00
  0.000000E+00  0.000000E+00  0.236232E+00  0.190832E+00
 -0.178571E+00 -0.178571E+00 -0.178571E+00 -0.178571E+00
     ELEMENT          44 [    1r]    GROUP    0
  0.557760E+00  0.708696E+00  0.472464E+00  0.377917E+00
  0.557760E+00  0.708696E+00  0.708696E+00  0.591531E+00
 -0.250000E+00 -0.250000E+00 -0.250000E+00 -0.250000E+00
  0.557760E+00  0.708696E+00  0.472464E+00  0.377917E+00
  0.557760E+00  0.708696E+00  0.708696E+00  0.591531E+00
 -0.178571E+00 -0.178571E+00 -0.178571E+00 -0.178571E+00
     ELEMENT          45 [    1s]    GROUP    0
  0.126667E+00  0.253333E+00  0.245329E+00  0.123809E+00
  0.000000E+00  0.000000E+00  0.115617E+00  0.123809E+00
 -0.250000E+00 -0.250000E+00 -0.250000E+00 -0.250000E+00
  0.126667E+00  0.253333E+00  0.245329E+00  0.123809E+00
  0.000000E+00  0.000000E+00  0.115617E+00  0.123809E+00
 -0.178571E+00 -0.178571E+00 -0.178571E+00 -0.178571E+00
     ELEMENT          46 [    1t]    GROUP    0
 -0.226656E+00 -0.197315E+00 -0.285671E+00 -0.333117E+00
  0.226656E+00  0.333117E+00  0.285671E+00  0.197315E+00
 -0.250000E+00 -0.250000E+00 -0.250000E+00 -0.250000E+00
 -0.226656E+00 -0.197315E+00 -0.285671E+00 -0.333117E+00
  0.226656E+00  0.333117E+00  0.285671E+00  0.197315E+00
 -0.178571E+00 -0.178571E+00 -0.178571E+00 -0.178571E+00
     ELEMENT          47 [    1u]    GROUP    0
 -0.122244E+00  0.000000E+00  0.000000E+00 -0.129410E+00
  0.451906E+00  0.468524E+00  0.500000E+00  0.482963E+00
 -0.250000E+00 -0.250000E+00 -0.250000E+00 -0.250000E+00
 -0.122244E+00  0.000000E+00  0.000000E+00 -0.129410E+00
  0.451906E+00  0.468524E+00  0.500000E+00  0.482963E+00
 -0.178571E+00 -0.178571E+00 -0.178571E+00 -0.178571E+00
     ELEMENT          48 [    1v]    GROUP    0
 -0.406811E+00 -0.335748E+00 -0.353553E+00 -0.433013E+00
  0.236181E+00  0.335748E+00  0.353553E+00  0.250000E+00
 -0.250000E+00 -0.250000E+00 -0.250000E+00 -0.250000E+00
 -0.406811E+00 -0.335748E+00 -0.353553E+00 -0.433013E+00
  0.236181E+00  0.335748E+00  0.353553E+00  0.250000E+00
 -0.178571E+00 -0.178571E+00 -0.178571E+00 -0.178571E+00
     ELEMENT          49 [    1w]    GROUP    0
  0.000000E+00  0.000000E+00 -0.123809E+00 -0.126667E+00
  0.000000E+00  0.126667E+00  0.123809E+00  0.000000E+00
 -0.250000E+00 -0.250000E+00 -0.250000E+00 -0.250000E+00
  0.000000E+00  0.000000E+00 -0.123809E+00 -0.126667E+00
  0.000000E+00  0.126667E+00  0.123809E+00  0.000000E+00
 -0.178571E+00 -0.178571E+00 -0.178571E+00 -0.178571E+00
     ELEMENT          50 [    1 ]    GROUP    0
 -0.612759E+00 -0.708696E+00 -0.708696E+00 -0.620000E+00
  0.190832E+00  0.236232E+00  0.000000E+00  0.000000E+00
 -0.250000E+00 -0.250000E+00 -0.250000E+00 -0.250000E+00
 -0.612759E+00 -0.708696E+00 -0.708696E+00 -0.620000E+00
  0.190832E+00  0.236232E+00  0.000000E+00  0.000000E+00
 -0.178571E+00 -0.178571E+00 -0.178571E+00 -0.178571E+00
     ELEMENT          51 [    1 ]    GROUP    0
  0.000000E+00  0.000000E+00 -0.102091E+00 -0.115617E+00
  0.253333E+00  0.380000E+00  0.364560E+00  0.245329E+00
 -0.250000E+00 -0.250000E+00 -0.250000E+00 -0.250000E+00
  0.000000E+00  0.000000E+00 -0.102091E+00 -0.115617E+00
  0.253333E+00  0.380000E+00  0.364560E+00  0.245329E+00
 -0.178571E+00 -0.178571E+00 -0.178571E+00 -0.178571E+00
     ELEMENT          52 [    1 ]    GROUP    0
 -0.126667E+00 -0.123809E+00 -0.245329E+00 -0.253333E+00
  0.000000E+00  0.123809E+00  0.115617E+00  0.000000E+00
 -0.250000E+00 -0.250000E+00 -0.250000E+00 -0.250000E+00
 -0.126667E+00 -0.123809E+00 -0.245329E+00 -0.253333E+00
  0.000000E+00  0.123809E+00  0.115617E+00  0.000000E+00
 -0.178571E+00 -0.178571E+00 -0.178571E+00 -0.178571E+00
     ELEMENT          53 [    1A]    GROUP    0
 -0.123809E+00 -0.115617E+00 -0.226656E+00 -0.245329E+00
  0.123809E+00  0.245329E+00  0.226656E+00  0.115617E+00
 -0.250000E+00 -0.250000E+00 -0.250000E+00 -0.250000E+00
 -0.123809E+00 -0.115617E+00 -0.226656E+00 -0.245329E+00
  0.123809E+00  0.245329E+00  0.226656E+00  0.115617E+00
 -0.178571E+00 -0.178571E+00 -0.178571E+00 -0.178571E+00
     ELEMENT          54 [    1B]    GROUP    0
 -0.115617E+00 -0.102091E+00 -0.197315E+00 -0.226656E+00
  0.245329E+00  0.364560E+00  0.333117E+00  0.226656E+00
 -0.250000E+00 -0.250000E+00 -0.250000E+00 -0.250000E+00
 -0.115617E+00 -0.102091E+00 -0.197315E+00 -0.226656E+00
  0.245329E+00  0.364560E+00  0.333117E+00  0.226656E+00
 -0.178571E+00 -0.178571E+00 -0.178571E+00 -0.178571E+00
     ELEMENT          55 [    1C]    GROUP    0
 -0.253333E+00 -0.245329E+00 -0.364560E+00 -0.380000E+00
  0.000000E+00  0.115617E+00  0.102091E+00  0.000000E+00
 -0.250000E+00 -0.250000E+00 -0.250000E+00 -0.250000E+00
 -0.253333E+00 -0.245329E+00 -0.364560E+00 -0.380000E+00
  0.000000E+00  0.115617E+00  0.102091E+00  0.000000E+00
 -0.178571E+00 -0.178571E+00 -0.178571E+00 -0.178571E+00
     ELEMENT          56 [    1D]    GROUP    0
 -0.245329E+00 -0.226656E+00 -0.333117E+00 -0.364560E+00
  0.115617E+00  0.226656E+00  0.197315E+00  0.102091E+00
 -0.250000E+00 -0.250000E+00 -0.250000E+00 -0.250000E+00
 -0.245329E+00 -0.226656E+00 -0.333117E+00 -0.364560E+00
  0.115617E+00  0.226656E+00  0.197315E+00  0.102091E+00
 -0.178571E+00 -0.178571E+00 -0.178571E+00 -0.178571E+00
     ELEMENT          57 [    1E]    GROUP    0
 -0.285671E+00 -0.197315E+00 -0.218907E+00 -0.313492E+00
  0.285671E+00  0.333117E+00  0.374058E+00  0.313492E+00
 -0.250000E+00 -0.250000E+00 -0.250000E+00 -0.250000E+00
 -0.285671E+00 -0.197315E+00 -0.218907E+00 -0.313492E+00
  0.285671E+00  0.333117E+00  0.374058E+00  0.313492E+00
 -0.178571E+00 -0.178571E+00 -0.178571E+00 -0.178571E+00
     ELEMENT          58 [    1F]    GROUP    0
 -0.197315E+00 -0.102091E+00 -0.113287E+00 -0.218907E+00
  0.333117E+00  0.364560E+00  0.413086E+00  0.374058E+00
 -0.250000E+00 -0.250000E+00 -0.250000E+00 -0.250000E+00
 -0.197315E+00 -0.102091E+00 -0.113287E+00 -0.218907E+00
  0.333117E+00  0.364560E+00  0.413086E+00  0.374058E+00
 -0.178571E+00 -0.178571E+00 -0.178571E+00 -0.178571E+00
     ELEMENT          59 [    1G]    GROUP    0
 -0.102091E+00  0.000000E+00  0.000000E+00 -0.113287E+00
  0.364560E+00  0.380000E+00  0.429180E+00  0.413086E+00
 -0.250000E+00 -0.250000E+00 -0.250000E+00 -0.250000E+00
 -0.102091E+00  0.000000E+00  0.000000E+00 -0.113287E+00
  0.364560E+00  0.380000E+00  0.429180E+00  0.413086E+00
 -0.178571E+00 -0.178571E+00 -0.178571E+00 -0.178571E+00
     ELEMENT          60 [    1H]    GROUP    0
 -0.313492E+00 -0.218907E+00 -0.236181E+00 -0.335748E+00
  0.313492E+00  0.374058E+00  0.406811E+00  0.335748E+00
 -0.250000E+00 -0.250000E+00 -0.250000E+00 -0.250000E+00
 -0.313492E+00 -0.218907E+00 -0.236181E+00 -0.335748E+00
  0.313492E+00  0.374058E+00  0.406811E+00  0.335748E+00
 -0.178571E+00 -0.178571E+00 -0.178571E+00 -0.178571E+00
     ELEMENT          61 [    1I]    GROUP    0
 -0.218907E+00 -0.113287E+00 -0.122244E+00 -0.236181E+00
  0.374058E+00  0.413086E+00  0.451906E+00  0.406811E+00
 -0.250000E+00 -0.250000E+00 -0.250000E+00 -0.250000E+00
 -0.218907E+00 -0.113287E+00 -0.122244E+00 -0.236181E+00
  0.374058E+00  0.413086E+00  0.451906E+00  0.406811E+00
 -0.178571E+00 -0.178571E+00 -0.178571E+00 -0.178571E+00
     ELEMENT          62 [    1J]    GROUP    0
 -0.113287E+00  0.000000E+00  0.000000E+00 -0.122244E+00
  0.413086E+00  0.429180E+00  0.468524E+00  0.451906E+00
 -0.250000E+00 -0.250000E+00 -0.250000E+00 -0.250000E+00
 -0.113287E+00  0.000000E+00  0.000000E+00 -0.122244E+00
  0.413086E+00  0.429180E+00  0.468524E+00  0.451906E+00
 -0.178571E+00 -0.178571E+00 -0.178571E+00 -0.178571E+00
     ELEMENT          63 [    1K]    GROUP    0
 -0.335748E+00 -0.236181E+00 -0.250000E+00 -0.353553E+00
  0.335748E+00  0.406811E+00  0.433013E+00  0.353553E+00
 -0.250000E+00 -0.250000E+00 -0.250000E+00 -0.250000E+00
 -0.335748E+00 -0.236181E+00 -0.250000E+00 -0.353553E+00
  0.335748E+00  0.406811E+00  0.433013E+00  0.353553E+00
 -0.178571E+00 -0.178571E+00 -0.178571E+00 -0.178571E+00
     ELEMENT          64 [    1L]    GROUP    0
 -0.236181E+00 -0.122244E+00 -0.129410E+00 -0.250000E+00
  0.406811E+00  0.451906E+00  0.482963E+00  0.433013E+00
 -0.250000E+00 -0.250000E+00 -0.250000E+00 -0.250000E+00
 -0.236181E+00 -0.122244E+00 -0.129410E+00 -0.250000E+00
  0.406811E+00  0.451906E+00  0.482963E+00  0.433013E+00
 -0.178571E+00 -0.178571E+00 -0.178571E+00 -0.178571E+00
     ELEMENT          65 [    1M]    GROUP    0
 -0.380000E+00 -0.364560E+00 -0.413086E+00 -0.429180E+00
  0.000000E+00  0.102091E+00  0.113287E+00  0.000000E+00
 -0.250000E+00 -0.250000E+00 -0.250000E+00 -0.250000E+00
 -0.380000E+00 -0.364560E+00 -0.413086E+00 -0.429180E+00
  0.000000E+00  0.102091E+00  0.113287E+00  0.000000E+00
 -0.178571E+00 -0.178571E+00 -0.178571E+00 -0.178571E+00
     ELEMENT          66 [    1N]    GROUP    0
 -0.364560E+00 -0.333117E+00 -0.374058E+00 -0.413086E+00
  0.102091E+00  0.197315E+00  0.218907E+00  0.113287E+00
 -0.250000E+00 -0.250000E+00 -0.250000E+00 -0.250000E+00
 -0.364560E+00 -0.333117E+00 -0.374058E+00 -0.413086E+00
  0.102091E+00  0.197315E+00  0.218907E+00  0.113287E+00
 -0.178571E+00 -0.178571E+00 -0.178571E+00 -0.178571E+00
     ELEMENT          67 [    1O]    GROUP    0
 -0.333117E+00 -0.285671E+00 -0.313492E+00 -0.374058E+00
  0.197315E+00  0.285671E+00  0.313492E+00  0.218907E+00
 -0.250000E+00 -0.250000E+00 -0.250000E+00 -0.250000E+00
 -0.333117E+00 -0.285671E+00 -0.313492E+00 -0.374058E+00
  0.197315E+00  0.285671E+00  0.313492E+00  0.218907E+00
 -0.178571E+00 -0.178571E+00 -0.178571E+00 -0.178571E+00
     ELEMENT          68 [    1P]    GROUP    0
 -0.429180E+00 -0.413086E+00 -0.451906E+00 -0.468524E+00
  0.000000E+00  0.113287E+00  0.122244E+00  0.000000E+00
 -0.250000E+00 -0.250000E+00 -0.250000E+00 -0.250000E+00
 -0.429180E+00 -0.413086E+00 -0.451906E+00 -0.468524E+00
  0.000000E+00  0.113287E+00  0.122244E+00  0.000000E+00
 -0.178571E+00 -0.178571E+00 -0.178571E+00 -0.178571E+00
     ELEMENT          69 [    1Q]    GROUP    0
 -0.413086E+00 -0.374058E+00 -0.406811E+00 -0.451906E+00
  0.113287E+00  0.218907E+00  0.236181E+00  0.122244E+00
 -0.250000E+00 -0.250000E+00 -0.250000E+00 -0.250000E+00
 -0.413086E+00 -0.374058E+00 -0.406811E+00 -0.451906E+00
  0.113287E+00  0.218907E+00  0.236181E+00  0.122244E+00
 -0.178571E+00 -0.178571E+00 -0.178571E+00 -0.178571E+00
     ELEMENT          70 [    1R]    GROUP    0
 -0.374058E+00 -0.313492E+00 -0.335748E+00 -0.406811E+00
  0.218907E+00  0.313492E+00  0.335748E+00  0.236181E+00
 -0.250000E+00 -0.250000E+00 -0.250000E+00 -0.250000E+00
 -0.374058E+00 -0.313492E+00 -0.335748E+00 -0.406811E+00
  0.218907E+00  0.313492E+00  0.335748E+00  0.236181E+00
 -0.178571E+00 -0.178571E+00 -0.178571E+00 -0.178571E+00
     ELEMENT          71 [    1S]    GROUP    0
 -0.468524E+00 -0.451906E+00 -0.482963E+00 -0.500000E+00
  0.000000E+00  0.122244E+00  0.129410E+00  0.000000E+00
 -0.250000E+00 -0.250000E+00 -0.250000E+00 -0.250000E+00
 -0.468524E+00 -0.451906E+00 -0.482963E+00 -0.500000E+00
  0.000000E+00  0.122244E+00  0.129410E+00  0.000000E+00
 -0.178571E+00 -0.178571E+00 -0.178571E+00 -0.178571E+00
     ELEMENT          72 [    1T]    GROUP    0
 -0.451906E+00 -0.406811E+00 -0.433013E+00 -0.482963E+00
  0.122244E+00  0.236181E+00  0.250000E+00  0.129410E+00
 -0.250000E+00 -0.250000E+00 -0.250000E+00 -0.250000E+00
 -0.451906E+00 -0.406811E+00 -0.433013E+00 -0.482963E+00
  0.122244E+00  0.236181E+00  0.250000E+00  0.129410E+00
 -0.178571E+00 -0.178571E+00 -0.178571E+00 -0.178571E+00
     ELEMENT          73 [    1U]    GROUP    0
  0.000000E+00  0.000000E+00 -0.145433E+00 -0.129410E+00
  0.500000E+00  0.531304E+00  0.516823E+00  0.482963E+00
 -0.250000E+00 -0.250000E+00 -0.250000E+00 -0.250000E+00
  0.000000E+00  0.000000E+00 -0.145433E+00 -0.129410E+00
  0.500000E+00  0.531304E+00  0.516823E+00  0.482963E+00
 -0.178571E+00 -0.178571E+00 -0.178571E+00 -0.178571E+00
     ELEMENT          74 [    1V]    GROUP    0
 -0.591531E+00 -0.708696E+00 -0.708696E+00 -0.612759E+00
  0.377917E+00  0.472464E+00  0.236232E+00  0.190832E+00
 -0.250000E+00 -0.250000E+00 -0.250000E+00 -0.250000E+00
 -0.591531E+00 -0.708696E+00 -0.708696E+00 -0.612759E+00
  0.377917E+00  0.472464E+00  0.236232E+00  0.190832E+00
 -0.178571E+00 -0.178571E+00 -0.178571E+00 -0.178571E+00
     ELEMENT          75 [    1W]    GROUP    0
 -0.190832E+00 -0.236232E+00 -0.472464E+00 -0.377917E+00
  0.612759E+00  0.708696E+00  0.708696E+00  0.591531E+00
 -0.250000E+00 -0.250000E+00 -0.250000E+00 -0.250000E+00
 -0.190832E+00 -0.236232E+00 -0.472464E+00 -0.377917E+00
  0.612759E+00  0.708696E+00  0.708696E+00  0.591531E+00
 -0.178571E+00 -0.178571E+00 -0.178571E+00 -0.178571E+00
     ELEMENT          76 [    1X]    GROUP    0
 -0.377917E+00 -0.472464E+00 -0.708696E+00 -0.557760E+00
  0.591531E+00  0.708696E+00  0.708696E+00  0.557760E+00
 -0.250000E+00 -0.250000E+00 -0.250000E+00 -0.250000E+00
 -0.377917E+00 -0.472464E+00 -0.708696E+00 -0.557760E+00
  0.591531E+00  0.708696E+00  0.708696E+00  0.557760E+00
 -0.178571E+00 -0.178571E+00 -0.178571E+00 -0.178571E+00
     ELEMENT          77 [    1Y]    GROUP    0
 -0.353553E+00 -0.406825E+00 -0.474365E+00 -0.433013E+00
  0.353553E+00  0.406825E+00  0.283370E+00  0.250000E+00
 -0.250000E+00 -0.250000E+00 -0.250000E+00 -0.250000E+00
 -0.353553E+00 -0.406825E+00 -0.474365E+00 -0.433013E+00
  0.353553E+00  0.406825E+00  0.283370E+00  0.250000E+00
 -0.178571E+00 -0.178571E+00 -0.178571E+00 -0.178571E+00
     ELEMENT          78 [    1Z]    GROUP    0
 -0.129410E+00 -0.145433E+00 -0.283370E+00 -0.250000E+00
  0.482963E+00  0.516823E+00  0.474365E+00  0.433013E+00
 -0.250000E+00 -0.250000E+00 -0.250000E+00 -0.250000E+00
 -0.129410E+00 -0.145433E+00 -0.283370E+00 -0.250000E+00
  0.482963E+00  0.516823E+00  0.474365E+00  0.433013E+00
 -0.178571E+00 -0.178571E+00 -0.178571E+00 -0.178571E+00
     ELEMENT          79 [    1a]    GROUP    0
 -0.250000E+00 -0.283370E+00 -0.406825E+00 -0.353553E+00
  0.433013E+00  0.474365E+00  0.406825E+00  0.353553E+00
 -0.250000E+00 -0.250000E+00 -0.250000E+00 -0.250000E+00
 -0.250000E+00 -0.283370E+00 -0.406825E+00 -0.353553E+00
  0.433013E+00  0.474365E+00  0.406825E+00  0.353553E+00
 -0.178571E+00 -0.178571E+00 -0.178571E+00 -0.178571E+00
     ELEMENT          80 [    1b]    GROUP    0
 -0.433013E+00 -0.474365E+00 -0.516823E+00 -0.482963E+00
  0.250000E+00  0.283370E+00  0.145433E+00  0.129410E+00
 -0.250000E+00 -0.250000E+00 -0.250000E+00 -0.250000E+00
 -0.433013E+00 -0.474365E+00 -0.516823E+00 -0.482963E+00
  0.250000E+00  0.283370E+00  0.145433E+00  0.129410E+00
 -0.178571E+00 -0.178571E+00 -0.178571E+00 -0.178571E+00
     ELEMENT          81 [    1c]    GROUP    0
 -0.482963E+00 -0.516823E+00 -0.531304E+00 -0.500000E+00
  0.129410E+00  0.145433E+00  0.000000E+00  0.000000E+00
 -0.250000E+00 -0.250000E+00 -0.250000E+00 -0.250000E+00
 -0.482963E+00 -0.516823E+00 -0.531304E+00 -0.500000E+00
  0.129410E+00  0.145433E+00  0.000000E+00  0.000000E+00
 -0.178571E+00 -0.178571E+00 -0.178571E+00 -0.178571E+00
     ELEMENT          82 [    1d]    GROUP    0
  0.000000E+00  0.000000E+00 -0.190832E+00 -0.145433E+00
  0.531304E+00  0.620000E+00  0.612759E+00  0.516823E+00
 -0.250000E+00 -0.250000E+00 -0.250000E+00 -0.250000E+00
  0.000000E+00  0.000000E+00 -0.190832E+00 -0.145433E+00
  0.531304E+00  0.620000E+00  0.612759E+00  0.516823E+00
 -0.178571E+00 -0.178571E+00 -0.178571E+00 -0.178571E+00
     ELEMENT          83 [    1e]    GROUP    0
 -0.406825E+00 -0.557760E+00 -0.591531E+00 -0.474365E+00
  0.406825E+00  0.557760E+00  0.377917E+00  0.283370E+00
 -0.250000E+00 -0.250000E+00 -0.250000E+00 -0.250000E+00
 -0.406825E+00 -0.557760E+00 -0.591531E+00 -0.474365E+00
  0.406825E+00  0.557760E+00  0.377917E+00  0.283370E+00
 -0.178571E+00 -0.178571E+00 -0.178571E+00 -0.178571E+00
     ELEMENT          84 [    1f]    GROUP    0
 -0.145433E+00 -0.190832E+00 -0.377917E+00 -0.283370E+00
  0.516823E+00  0.612759E+00  0.591531E+00  0.474365E+00
 -0.250000E+00 -0.250000E+00 -0.250000E+00 -0.250000E+00
 -0.145433E+00 -0.190832E+00 -0.377917E+00 -0.283370E+00
  0.516823E+00  0.612759E+00  0.591531E+00  0.474365E+00
 -0.178571E+00 -0.178571E+00 -0.178571E+00 -0.178571E+00
     ELEMENT          85 [    1g]    GROUP    0
 -0.283370E+00 -0.377917E+00 -0.557760E+00 -0.406825E+00
  0.474365E+00  0.591531E+00  0.557760E+00  0.406825E+00
 -0.250000E+00 -0.250000E+00 -0.250000E+00 -0.250000E+00
 -0.283370E+00 -0.377917E+00 -0.557760E+00 -0.406825E+00
  0.474365E+00  0.591531E+00  0.557760E+00  0.406825E+00
 -0.178571E+00 -0.178571E+00 -0.178571E+00 -0.178571E+00
     ELEMENT          86 [    1h]    GROUP    0
 -0.474365E+00 -0.591531E+00 -0.612759E+00 -0.516823E+00
  0.283370E+00  0.377917E+00  0.190832E+00  0.145433E+00
 -0.250000E+00 -0.250000E+00 -0.250000E+00 -0.250000E+00
 -0.474365E+00 -0.591531E+00 -0.612759E+00 -0.516823E+00
  0.283370E+00  0.377917E+00  0.190832E+00  0.145433E+00
 -0.178571E+00 -0.178571E+00 -0.178571E+00 -0.178571E+00
     ELEMENT          87 [    1i]    GROUP    0
 -0.516823E+00 -0.612759E+00 -0.620000E+00 -0.531304E+00
  0.145433E+00  0.190832E+00  0.000000E+00  0.000000E+00
 -0.250000E+00 -0.250000E+00 -0.250000E+00 -0.250000E+00
 -0.516823E+00 -0.612759E+00 -0.620000E+00 -0.531304E+00
  0.145433E+00  0.190832E+00  0.000000E+00  0.000000E+00
 -0.178571E+00 -0.178571E+00 -0.178571E+00 -0.178571E+00
     ELEMENT          88 [    1j]    GROUP    0
  0.000000E+00  0.000000E+00 -0.236232E+00 -0.190832E+00
  0.620000E+00  0.708696E+00  0.708696E+00  0.612759E+00
 -0.250000E+00 -0.250000E+00 -0.250000E+00 -0.250000E+00
  0.000000E+00  0.000000E+00 -0.236232E+00 -0.190832E+00
  0.620000E+00  0.708696E+00  0.708696E+00  0.612759E+00
 -0.178571E+00 -0.178571E+00 -0.178571E+00 -0.178571E+00
     ELEMENT          89 [    1k]    GROUP    0
 -0.557760E+00 -0.708696E+00 -0.708696E+00 -0.591531E+00
  0.557760E+00  0.708696E+00  0.472464E+00  0.377917E+00
 -0.250000E+00 -0.250000E+00 -0.250000E+00 -0.250000E+00
 -0.557760E+00 -0.708696E+00 -0.708696E+00 -0.591531E+00
  0.557760E+00  0.708696E+00  0.472464E+00  0.377917E+00
 -0.178571E+00 -0.178571E+00 -0.178571E+00 -0.178571E+00
     ELEMENT          90 [    1l]    GROUP    0
  0.000000E+00  0.000000E+00 -0.115617E+00 -0.123809E+00
  0.126667E+00  0.253333E+00  0.245329E+00  0.123809E+00
 -0.250000E+00 -0.250000E+00 -0.250000E+00 -0.250000E+00
  0.000000E+00  0.000000E+00 -0.115617E+00 -0.123809E+00
  0.126667E+00  0.253333E+00  0.245329E+00  0.123809E+00
 -0.178571E+00 -0.178571E+00 -0.178571E+00 -0.178571E+00
