  ****** PARAMETERS *****
    2.610000     NEKTON VERSION
3 DIMENSIONAL RUN
103 PARAMETERS FOLLOW
  0                             1: ---
  0                             2: ---
  0                             3: ---
  0                             4: ifte (1), iftm (2)
  0                             5: IFSCHROD=10,11,...; IFDRIFT=20,21,....,29(DG); IFDRIFT=30(w/o exciton),31(w/ exciton),39(SEM);
  -1                            6: source turn on (1); turn off (0)
  0                             7: inhomogeneous boundary turn on (1)
  1                             8: # of field (default=0)
  0                             9: ---
  0.0                           10: fintim: final time if positive; overrides nsteps. Ignored if negative.
  1                             11: nsteps: total number of timesteps
  -0.005                        12: dt: timestep size if negative, eg. -0.05; CFL number if positive, eg. CFL = 0.2
  50                            13: iocomm: frequency of print statements
  0.000000E+00                  14: ---
  50                            15: iostep: frequency of vtk writes
  1                             16: ifsol: 1 if solution is assigned, 0 if not
  0                             17: Timestep: 10(EIG),0 or 45(RK45),44(rk44),33(rk33),22(rk22), 1(EXP), -1(BDF1), -2(BDF2)
  0                             18: Filter: 0 (no filter), 1 (turn on filter), Dealias: -1 (turn on dealias)
  0                             19: FLUXES: 0 (upwind flux), 1 (central flux)
  5.00000                       20: ORDER (MESH): positive value
  0                             21: define poisson solver --> GMRES(1), CG(2), GMRES-SEMG(3); negative sign w/ projection GMRES(-1), CG(-2), GMRES-SEMG(-3)
  0                             22: tolerance      : (GMRES, CG, GMRES-SEMG)
  0                             23: preconditioner : FDM for CG(1)
  0                             24: define unsteady time dependent solver --> GMRES(1), CG(2); negative sign w/ projection GMRES(-1), CG(-2)
  0                             25: drift-diffusion GFDM (global fast diagonalization): GFDMDD (1)
  0                             26: ---
  3.00000                       27: TORDER
  0.000000E+00                  28: TMESH
  0.000000E+00                  29: ---
  0.000000E+00                  30: ---
  0.000000E+00                  31: ---
  0.000000E+00                  32: ---
  0                             33: ---
  0                             34: ---
  0                             35: ---
  0                             36: ---
  0                             37: ---
  0.000000E+00                  38: ---
  0.000000E+00                  39: ---
  0.000000E+00                  40: ---
  0.000000E+00                  41: ---
  0.000000E+00                  42: ---
  0                             43: ---
  0.000000E+00                  44: ---
  0.000000E+00                  45: ---
  0.000000E+00                  46: ---
  0.000000E+00                  47: ---
  0.000000E+00                  48: ---
  0.140000                      49: ---
  0.000000E+00                  50: ---
  0.000000E+00                  51: ---
  0.000000E+00                  52: ---
  0.000000E+00                  53: ---
  0.000000E+00                  54: ---
  0.000000E+00                  55: ---
  0.000000E+00                  56: ---
  0                             57: ---
  0                             58: ---
  0                             59: ---
  0                             60: ---
  0                             61: ---
  0                             62: ---
  0                             63: ---
  0                             64: ---
  0                             65: ---
  0                             66: ---
  0                             67: ---
  0                             68: ---
  0                             69: ---
  0                             70: ---
  0                             71: ---
  0                             72: ---
  0                             73: ---
  0                             74: ---
  0                             75: ---
  0                             76: ---
  2.0E+00                       77: PMLTHICK : thickness of the PML in levels
  3.0E+00                       78: PMLORDER : polynomial order of the grading of the PML parameter sigma
  1.0E-10                       79: PMLREFERR : PML reflection error
  4                             80: I/O: total (exact) number of output fields: currently default=4
  4                             81: I/O: 0 (no output), 1 (fld),2 (posix ascii),3 (posix binary), 4,5, (coIO), 6,-6,8 (rbIO)
  1                             82: I/O: the number of outputfiles per timestep
  0                             83: I/O: frequency of restart output files, 0 (no restart output), #nn (iostep*nn)
  0                             84: RESTART (should be 0 for non-mpi run): invoked with dump_number from the name of the restarting output file
  0                             85: computation trace active if positive number
  0                             86: io trace active if positive number
  0                             87: I/O: "1" on BGP ;if >0, write/read restart files in float; if 0 (=default), double
  0                             88: ---
  0                             89: ---
  0                             90: ---
  0                             91: ---
  0                             92: ---
  0                             93: ifstdh: for drift-diffusion
  0                             94: p945: for drift-diffusion
  0                             95: p945: for drift-diffusion
  0                             96: ---
  0                             97: ---
  0                             98: ---
  0                             99: ---
  0                             100: ---
  0                             101: ---
  0                             102: ---
  0                             103: ---
			4  Lines of passive scalar data follows2 CONDUCT; 2RHOCP
   1.00000       1.00000       1.00000       1.00000       1.00000
   1.00000       1.00000       1.00000       1.00000
   1.00000       1.00000       1.00000       1.00000       1.00000
   1.00000       1.00000       1.00000       1.00000
13   LOGICAL SWITCHES FOLLOW
  F                             1: IFFLOW
  T                             2: IFHEAT
  T                             3: IFTRAN
  F                             4: IFSRC
  T                             5: IFCENTRAL
  F                             6: IFUPWIND
  F                             7: IFTM (2D only)
  T                             8: IFTE (2D only)
  F                             9: IFDEALIAS
  F                             10: IFRK4
  T                             11: IFEXP
  F                             12: IFEIG
  F                             13: IFNM
   8.00000       8.00000      -3.60000      -4.00000     XFAC,YFAC,XZERO,YZERO
 **MESH DATA** 6 lines are X,Y,Z;X,Y,Z. Columns corners 1-4;5-8
         196  3         196           NEL,NDIM,NELV
     ELEMENT           1 [    1A]    GROUP    0
  0.000000E+00  0.380000E+00  0.285671E+00  0.000000E+00
  0.000000E+00  0.000000E+00  0.285671E+00  0.380000E+00
 -0.583333E+00 -0.583333E+00 -0.583333E+00 -0.583333E+00
  0.000000E+00  0.380000E+00  0.285671E+00  0.000000E+00
  0.000000E+00  0.000000E+00  0.285671E+00  0.380000E+00
 -0.416667E+00 -0.416667E+00 -0.416667E+00 -0.416667E+00
     ELEMENT           2 [    1B]    GROUP    0
  0.285671E+00  0.380000E+00  0.500000E+00  0.353553E+00
  0.285671E+00  0.000000E+00  0.000000E+00  0.353553E+00
 -0.583333E+00 -0.583333E+00 -0.583333E+00 -0.583333E+00
  0.285671E+00  0.380000E+00  0.500000E+00  0.353553E+00
  0.285671E+00  0.000000E+00  0.000000E+00  0.353553E+00
 -0.416667E+00 -0.416667E+00 -0.416667E+00 -0.416667E+00
     ELEMENT           3 [    1C]    GROUP    0
  0.000000E+00  0.285671E+00  0.353553E+00  0.000000E+00
  0.380000E+00  0.285671E+00  0.353553E+00  0.500000E+00
 -0.583333E+00 -0.583333E+00 -0.583333E+00 -0.583333E+00
  0.000000E+00  0.285671E+00  0.353553E+00  0.000000E+00
  0.380000E+00  0.285671E+00  0.353553E+00  0.500000E+00
 -0.416667E+00 -0.416667E+00 -0.416667E+00 -0.416667E+00
     ELEMENT           4 [    1D]    GROUP    0
  0.000000E+00  0.353553E+00  0.478952E+00  0.000000E+00
  0.500000E+00  0.353553E+00  0.478952E+00  0.552175E+00
 -0.583333E+00 -0.583333E+00 -0.583333E+00 -0.583333E+00
  0.000000E+00  0.353553E+00  0.478952E+00  0.000000E+00
  0.500000E+00  0.353553E+00  0.478952E+00  0.552175E+00
 -0.416667E+00 -0.416667E+00 -0.416667E+00 -0.416667E+00
     ELEMENT           5 [    1E]    GROUP    0
  0.353553E+00  0.500000E+00  0.552175E+00  0.478952E+00
  0.353553E+00  0.000000E+00  0.000000E+00  0.478952E+00
 -0.583333E+00 -0.583333E+00 -0.583333E+00 -0.583333E+00
  0.353553E+00  0.500000E+00  0.552175E+00  0.478952E+00
  0.353553E+00  0.000000E+00  0.000000E+00  0.478952E+00
 -0.416667E+00 -0.416667E+00 -0.416667E+00 -0.416667E+00
     ELEMENT           6 [    1F]    GROUP    0
  0.000000E+00  0.478952E+00  0.604350E+00  0.000000E+00
  0.552175E+00  0.478952E+00  0.604350E+00  0.604350E+00
 -0.583333E+00 -0.583333E+00 -0.583333E+00 -0.583333E+00
  0.000000E+00  0.478952E+00  0.604350E+00  0.000000E+00
  0.552175E+00  0.478952E+00  0.604350E+00  0.604350E+00
 -0.416667E+00 -0.416667E+00 -0.416667E+00 -0.416667E+00
     ELEMENT           7 [    1G]    GROUP    0
  0.478952E+00  0.552175E+00  0.604350E+00  0.604350E+00
  0.478952E+00  0.000000E+00  0.000000E+00  0.604350E+00
 -0.583333E+00 -0.583333E+00 -0.583333E+00 -0.583333E+00
  0.478952E+00  0.552175E+00  0.604350E+00  0.604350E+00
  0.478952E+00  0.000000E+00  0.000000E+00  0.604350E+00
 -0.416667E+00 -0.416667E+00 -0.416667E+00 -0.416667E+00
     ELEMENT           8 [    1H]    GROUP    0
  0.000000E+00  0.000000E+00 -0.285671E+00 -0.380000E+00
  0.000000E+00  0.380000E+00  0.285671E+00  0.000000E+00
 -0.583333E+00 -0.583333E+00 -0.583333E+00 -0.583333E+00
  0.000000E+00  0.000000E+00 -0.285671E+00 -0.380000E+00
  0.000000E+00  0.380000E+00  0.285671E+00  0.000000E+00
 -0.416667E+00 -0.416667E+00 -0.416667E+00 -0.416667E+00
     ELEMENT           9 [    1I]    GROUP    0
 -0.285671E+00  0.000000E+00  0.000000E+00 -0.353553E+00
  0.285671E+00  0.380000E+00  0.500000E+00  0.353553E+00
 -0.583333E+00 -0.583333E+00 -0.583333E+00 -0.583333E+00
 -0.285671E+00  0.000000E+00  0.000000E+00 -0.353553E+00
  0.285671E+00  0.380000E+00  0.500000E+00  0.353553E+00
 -0.416667E+00 -0.416667E+00 -0.416667E+00 -0.416667E+00
     ELEMENT          10 [    1J]    GROUP    0
 -0.380000E+00 -0.285671E+00 -0.353553E+00 -0.500000E+00
  0.000000E+00  0.285671E+00  0.353553E+00  0.000000E+00
 -0.583333E+00 -0.583333E+00 -0.583333E+00 -0.583333E+00
 -0.380000E+00 -0.285671E+00 -0.353553E+00 -0.500000E+00
  0.000000E+00  0.285671E+00  0.353553E+00  0.000000E+00
 -0.416667E+00 -0.416667E+00 -0.416667E+00 -0.416667E+00
     ELEMENT          11 [    1K]    GROUP    0
 -0.500000E+00 -0.353553E+00 -0.478952E+00 -0.552175E+00
  0.000000E+00  0.353553E+00  0.478952E+00  0.000000E+00
 -0.583333E+00 -0.583333E+00 -0.583333E+00 -0.583333E+00
 -0.500000E+00 -0.353553E+00 -0.478952E+00 -0.552175E+00
  0.000000E+00  0.353553E+00  0.478952E+00  0.000000E+00
 -0.416667E+00 -0.416667E+00 -0.416667E+00 -0.416667E+00
     ELEMENT          12 [    1L]    GROUP    0
 -0.353553E+00  0.000000E+00  0.000000E+00 -0.478952E+00
  0.353553E+00  0.500000E+00  0.552175E+00  0.478952E+00
 -0.583333E+00 -0.583333E+00 -0.583333E+00 -0.583333E+00
 -0.353553E+00  0.000000E+00  0.000000E+00 -0.478952E+00
  0.353553E+00  0.500000E+00  0.552175E+00  0.478952E+00
 -0.416667E+00 -0.416667E+00 -0.416667E+00 -0.416667E+00
     ELEMENT          13 [    1M]    GROUP    0
 -0.552175E+00 -0.478952E+00 -0.604350E+00 -0.604350E+00
  0.000000E+00  0.478952E+00  0.604350E+00  0.000000E+00
 -0.583333E+00 -0.583333E+00 -0.583333E+00 -0.583333E+00
 -0.552175E+00 -0.478952E+00 -0.604350E+00 -0.604350E+00
  0.000000E+00  0.478952E+00  0.604350E+00  0.000000E+00
 -0.416667E+00 -0.416667E+00 -0.416667E+00 -0.416667E+00
     ELEMENT          14 [    1N]    GROUP    0
 -0.478952E+00  0.000000E+00  0.000000E+00 -0.604350E+00
  0.478952E+00  0.552175E+00  0.604350E+00  0.604350E+00
 -0.583333E+00 -0.583333E+00 -0.583333E+00 -0.583333E+00
 -0.478952E+00  0.000000E+00  0.000000E+00 -0.604350E+00
  0.478952E+00  0.552175E+00  0.604350E+00  0.604350E+00
 -0.416667E+00 -0.416667E+00 -0.416667E+00 -0.416667E+00
     ELEMENT          15 [    1O]    GROUP    0
  0.000000E+00 -0.380000E+00 -0.285671E+00  0.000000E+00
  0.000000E+00  0.000000E+00 -0.285671E+00 -0.380000E+00
 -0.583333E+00 -0.583333E+00 -0.583333E+00 -0.583333E+00
  0.000000E+00 -0.380000E+00 -0.285671E+00  0.000000E+00
  0.000000E+00  0.000000E+00 -0.285671E+00 -0.380000E+00
 -0.416667E+00 -0.416667E+00 -0.416667E+00 -0.416667E+00
     ELEMENT          16 [    1P]    GROUP    0
 -0.285671E+00 -0.380000E+00 -0.500000E+00 -0.353553E+00
 -0.285671E+00  0.000000E+00  0.000000E+00 -0.353553E+00
 -0.583333E+00 -0.583333E+00 -0.583333E+00 -0.583333E+00
 -0.285671E+00 -0.380000E+00 -0.500000E+00 -0.353553E+00
 -0.285671E+00  0.000000E+00  0.000000E+00 -0.353553E+00
 -0.416667E+00 -0.416667E+00 -0.416667E+00 -0.416667E+00
     ELEMENT          17 [    1Q]    GROUP    0
  0.000000E+00 -0.285671E+00 -0.353553E+00  0.000000E+00
 -0.380000E+00 -0.285671E+00 -0.353553E+00 -0.500000E+00
 -0.583333E+00 -0.583333E+00 -0.583333E+00 -0.583333E+00
  0.000000E+00 -0.285671E+00 -0.353553E+00  0.000000E+00
 -0.380000E+00 -0.285671E+00 -0.353553E+00 -0.500000E+00
 -0.416667E+00 -0.416667E+00 -0.416667E+00 -0.416667E+00
     ELEMENT          18 [    1R]    GROUP    0
  0.000000E+00 -0.353553E+00 -0.478952E+00  0.000000E+00
 -0.500000E+00 -0.353553E+00 -0.478952E+00 -0.552175E+00
 -0.583333E+00 -0.583333E+00 -0.583333E+00 -0.583333E+00
  0.000000E+00 -0.353553E+00 -0.478952E+00  0.000000E+00
 -0.500000E+00 -0.353553E+00 -0.478952E+00 -0.552175E+00
 -0.416667E+00 -0.416667E+00 -0.416667E+00 -0.416667E+00
     ELEMENT          19 [    1S]    GROUP    0
 -0.353553E+00 -0.500000E+00 -0.552175E+00 -0.478952E+00
 -0.353553E+00  0.000000E+00  0.000000E+00 -0.478952E+00
 -0.583333E+00 -0.583333E+00 -0.583333E+00 -0.583333E+00
 -0.353553E+00 -0.500000E+00 -0.552175E+00 -0.478952E+00
 -0.353553E+00  0.000000E+00  0.000000E+00 -0.478952E+00
 -0.416667E+00 -0.416667E+00 -0.416667E+00 -0.416667E+00
     ELEMENT          20 [    1T]    GROUP    0
  0.000000E+00 -0.478952E+00 -0.604350E+00  0.000000E+00
 -0.552175E+00 -0.478952E+00 -0.604350E+00 -0.604350E+00
 -0.583333E+00 -0.583333E+00 -0.583333E+00 -0.583333E+00
  0.000000E+00 -0.478952E+00 -0.604350E+00  0.000000E+00
 -0.552175E+00 -0.478952E+00 -0.604350E+00 -0.604350E+00
 -0.416667E+00 -0.416667E+00 -0.416667E+00 -0.416667E+00
     ELEMENT          21 [    1U]    GROUP    0
 -0.478952E+00 -0.552175E+00 -0.604350E+00 -0.604350E+00
 -0.478952E+00  0.000000E+00  0.000000E+00 -0.604350E+00
 -0.583333E+00 -0.583333E+00 -0.583333E+00 -0.583333E+00
 -0.478952E+00 -0.552175E+00 -0.604350E+00 -0.604350E+00
 -0.478952E+00  0.000000E+00  0.000000E+00 -0.604350E+00
 -0.416667E+00 -0.416667E+00 -0.416667E+00 -0.416667E+00
     ELEMENT          22 [    1V]    GROUP    0
  0.000000E+00  0.000000E+00  0.285671E+00  0.380000E+00
  0.000000E+00 -0.380000E+00 -0.285671E+00  0.000000E+00
 -0.583333E+00 -0.583333E+00 -0.583333E+00 -0.583333E+00
  0.000000E+00  0.000000E+00  0.285671E+00  0.380000E+00
  0.000000E+00 -0.380000E+00 -0.285671E+00  0.000000E+00
 -0.416667E+00 -0.416667E+00 -0.416667E+00 -0.416667E+00
     ELEMENT          23 [    1W]    GROUP    0
  0.285671E+00  0.000000E+00  0.000000E+00  0.353553E+00
 -0.285671E+00 -0.380000E+00 -0.500000E+00 -0.353553E+00
 -0.583333E+00 -0.583333E+00 -0.583333E+00 -0.583333E+00
  0.285671E+00  0.000000E+00  0.000000E+00  0.353553E+00
 -0.285671E+00 -0.380000E+00 -0.500000E+00 -0.353553E+00
 -0.416667E+00 -0.416667E+00 -0.416667E+00 -0.416667E+00
     ELEMENT          24 [    1X]    GROUP    0
  0.380000E+00  0.285671E+00  0.353553E+00  0.500000E+00
  0.000000E+00 -0.285671E+00 -0.353553E+00  0.000000E+00
 -0.583333E+00 -0.583333E+00 -0.583333E+00 -0.583333E+00
  0.380000E+00  0.285671E+00  0.353553E+00  0.500000E+00
  0.000000E+00 -0.285671E+00 -0.353553E+00  0.000000E+00
 -0.416667E+00 -0.416667E+00 -0.416667E+00 -0.416667E+00
     ELEMENT          25 [    1Y]    GROUP    0
  0.500000E+00  0.353553E+00  0.478952E+00  0.552175E+00
  0.000000E+00 -0.353553E+00 -0.478952E+00  0.000000E+00
 -0.583333E+00 -0.583333E+00 -0.583333E+00 -0.583333E+00
  0.500000E+00  0.353553E+00  0.478952E+00  0.552175E+00
  0.000000E+00 -0.353553E+00 -0.478952E+00  0.000000E+00
 -0.416667E+00 -0.416667E+00 -0.416667E+00 -0.416667E+00
     ELEMENT          26 [    1Z]    GROUP    0
  0.353553E+00  0.000000E+00  0.000000E+00  0.478952E+00
 -0.353553E+00 -0.500000E+00 -0.552175E+00 -0.478952E+00
 -0.583333E+00 -0.583333E+00 -0.583333E+00 -0.583333E+00
  0.353553E+00  0.000000E+00  0.000000E+00  0.478952E+00
 -0.353553E+00 -0.500000E+00 -0.552175E+00 -0.478952E+00
 -0.416667E+00 -0.416667E+00 -0.416667E+00 -0.416667E+00
     ELEMENT          27 [    1a]    GROUP    0
  0.552175E+00  0.478952E+00  0.604350E+00  0.604350E+00
  0.000000E+00 -0.478952E+00 -0.604350E+00  0.000000E+00
 -0.583333E+00 -0.583333E+00 -0.583333E+00 -0.583333E+00
  0.552175E+00  0.478952E+00  0.604350E+00  0.604350E+00
  0.000000E+00 -0.478952E+00 -0.604350E+00  0.000000E+00
 -0.416667E+00 -0.416667E+00 -0.416667E+00 -0.416667E+00
     ELEMENT          28 [    1b]    GROUP    0
  0.478952E+00  0.000000E+00  0.000000E+00  0.604350E+00
 -0.478952E+00 -0.552175E+00 -0.604350E+00 -0.604350E+00
 -0.583333E+00 -0.583333E+00 -0.583333E+00 -0.583333E+00
  0.478952E+00  0.000000E+00  0.000000E+00  0.604350E+00
 -0.478952E+00 -0.552175E+00 -0.604350E+00 -0.604350E+00
 -0.416667E+00 -0.416667E+00 -0.416667E+00 -0.416667E+00
     ELEMENT          29 [    2A]    GROUP    0
  0.000000E+00  0.380000E+00  0.285671E+00  0.000000E+00
  0.000000E+00  0.000000E+00  0.285671E+00  0.380000E+00
 -0.416667E+00 -0.416667E+00 -0.416667E+00 -0.416667E+00
  0.000000E+00  0.380000E+00  0.285671E+00  0.000000E+00
  0.000000E+00  0.000000E+00  0.285671E+00  0.380000E+00
 -0.250000E+00 -0.250000E+00 -0.250000E+00 -0.250000E+00
     ELEMENT          30 [    2B]    GROUP    0
  0.285671E+00  0.380000E+00  0.500000E+00  0.353553E+00
  0.285671E+00  0.000000E+00  0.000000E+00  0.353553E+00
 -0.416667E+00 -0.416667E+00 -0.416667E+00 -0.416667E+00
  0.285671E+00  0.380000E+00  0.500000E+00  0.353553E+00
  0.285671E+00  0.000000E+00  0.000000E+00  0.353553E+00
 -0.250000E+00 -0.250000E+00 -0.250000E+00 -0.250000E+00
     ELEMENT          31 [    2C]    GROUP    0
  0.000000E+00  0.285671E+00  0.353553E+00  0.000000E+00
  0.380000E+00  0.285671E+00  0.353553E+00  0.500000E+00
 -0.416667E+00 -0.416667E+00 -0.416667E+00 -0.416667E+00
  0.000000E+00  0.285671E+00  0.353553E+00  0.000000E+00
  0.380000E+00  0.285671E+00  0.353553E+00  0.500000E+00
 -0.250000E+00 -0.250000E+00 -0.250000E+00 -0.250000E+00
     ELEMENT          32 [    2D]    GROUP    0
  0.000000E+00  0.353553E+00  0.478952E+00  0.000000E+00
  0.500000E+00  0.353553E+00  0.478952E+00  0.552175E+00
 -0.416667E+00 -0.416667E+00 -0.416667E+00 -0.416667E+00
  0.000000E+00  0.353553E+00  0.478952E+00  0.000000E+00
  0.500000E+00  0.353553E+00  0.478952E+00  0.552175E+00
 -0.250000E+00 -0.250000E+00 -0.250000E+00 -0.250000E+00
     ELEMENT          33 [    2E]    GROUP    0
  0.353553E+00  0.500000E+00  0.552175E+00  0.478952E+00
  0.353553E+00  0.000000E+00  0.000000E+00  0.478952E+00
 -0.416667E+00 -0.416667E+00 -0.416667E+00 -0.416667E+00
  0.353553E+00  0.500000E+00  0.552175E+00  0.478952E+00
  0.353553E+00  0.000000E+00  0.000000E+00  0.478952E+00
 -0.250000E+00 -0.250000E+00 -0.250000E+00 -0.250000E+00
     ELEMENT          34 [    2F]    GROUP    0
  0.000000E+00  0.478952E+00  0.604350E+00  0.000000E+00
  0.552175E+00  0.478952E+00  0.604350E+00  0.604350E+00
 -0.416667E+00 -0.416667E+00 -0.416667E+00 -0.416667E+00
  0.000000E+00  0.478952E+00  0.604350E+00  0.000000E+00
  0.552175E+00  0.478952E+00  0.604350E+00  0.604350E+00
 -0.250000E+00 -0.250000E+00 -0.250000E+00 -0.250000E+00
     ELEMENT          35 [    2G]    GROUP    0
  0.478952E+00  0.552175E+00  0.604350E+00  0.604350E+00
  0.478952E+00  0.000000E+00  0.000000E+00  0.604350E+00
 -0.416667E+00 -0.416667E+00 -0.416667E+00 -0.416667E+00
  0.478952E+00  0.552175E+00  0.604350E+00  0.604350E+00
  0.478952E+00  0.000000E+00  0.000000E+00  0.604350E+00
 -0.250000E+00 -0.250000E+00 -0.250000E+00 -0.250000E+00
     ELEMENT          36 [    2H]    GROUP    0
  0.000000E+00  0.000000E+00 -0.285671E+00 -0.380000E+00
  0.000000E+00  0.380000E+00  0.285671E+00  0.000000E+00
 -0.416667E+00 -0.416667E+00 -0.416667E+00 -0.416667E+00
  0.000000E+00  0.000000E+00 -0.285671E+00 -0.380000E+00
  0.000000E+00  0.380000E+00  0.285671E+00  0.000000E+00
 -0.250000E+00 -0.250000E+00 -0.250000E+00 -0.250000E+00
     ELEMENT          37 [    2I]    GROUP    0
 -0.285671E+00  0.000000E+00  0.000000E+00 -0.353553E+00
  0.285671E+00  0.380000E+00  0.500000E+00  0.353553E+00
 -0.416667E+00 -0.416667E+00 -0.416667E+00 -0.416667E+00
 -0.285671E+00  0.000000E+00  0.000000E+00 -0.353553E+00
  0.285671E+00  0.380000E+00  0.500000E+00  0.353553E+00
 -0.250000E+00 -0.250000E+00 -0.250000E+00 -0.250000E+00
     ELEMENT          38 [    2J]    GROUP    0
 -0.380000E+00 -0.285671E+00 -0.353553E+00 -0.500000E+00
  0.000000E+00  0.285671E+00  0.353553E+00  0.000000E+00
 -0.416667E+00 -0.416667E+00 -0.416667E+00 -0.416667E+00
 -0.380000E+00 -0.285671E+00 -0.353553E+00 -0.500000E+00
  0.000000E+00  0.285671E+00  0.353553E+00  0.000000E+00
 -0.250000E+00 -0.250000E+00 -0.250000E+00 -0.250000E+00
     ELEMENT          39 [    2K]    GROUP    0
 -0.500000E+00 -0.353553E+00 -0.478952E+00 -0.552175E+00
  0.000000E+00  0.353553E+00  0.478952E+00  0.000000E+00
 -0.416667E+00 -0.416667E+00 -0.416667E+00 -0.416667E+00
 -0.500000E+00 -0.353553E+00 -0.478952E+00 -0.552175E+00
  0.000000E+00  0.353553E+00  0.478952E+00  0.000000E+00
 -0.250000E+00 -0.250000E+00 -0.250000E+00 -0.250000E+00
     ELEMENT          40 [    2L]    GROUP    0
 -0.353553E+00  0.000000E+00  0.000000E+00 -0.478952E+00
  0.353553E+00  0.500000E+00  0.552175E+00  0.478952E+00
 -0.416667E+00 -0.416667E+00 -0.416667E+00 -0.416667E+00
 -0.353553E+00  0.000000E+00  0.000000E+00 -0.478952E+00
  0.353553E+00  0.500000E+00  0.552175E+00  0.478952E+00
 -0.250000E+00 -0.250000E+00 -0.250000E+00 -0.250000E+00
     ELEMENT          41 [    2M]    GROUP    0
 -0.552175E+00 -0.478952E+00 -0.604350E+00 -0.604350E+00
  0.000000E+00  0.478952E+00  0.604350E+00  0.000000E+00
 -0.416667E+00 -0.416667E+00 -0.416667E+00 -0.416667E+00
 -0.552175E+00 -0.478952E+00 -0.604350E+00 -0.604350E+00
  0.000000E+00  0.478952E+00  0.604350E+00  0.000000E+00
 -0.250000E+00 -0.250000E+00 -0.250000E+00 -0.250000E+00
     ELEMENT          42 [    2N]    GROUP    0
 -0.478952E+00  0.000000E+00  0.000000E+00 -0.604350E+00
  0.478952E+00  0.552175E+00  0.604350E+00  0.604350E+00
 -0.416667E+00 -0.416667E+00 -0.416667E+00 -0.416667E+00
 -0.478952E+00  0.000000E+00  0.000000E+00 -0.604350E+00
  0.478952E+00  0.552175E+00  0.604350E+00  0.604350E+00
 -0.250000E+00 -0.250000E+00 -0.250000E+00 -0.250000E+00
     ELEMENT          43 [    2O]    GROUP    0
  0.000000E+00 -0.380000E+00 -0.285671E+00  0.000000E+00
  0.000000E+00  0.000000E+00 -0.285671E+00 -0.380000E+00
 -0.416667E+00 -0.416667E+00 -0.416667E+00 -0.416667E+00
  0.000000E+00 -0.380000E+00 -0.285671E+00  0.000000E+00
  0.000000E+00  0.000000E+00 -0.285671E+00 -0.380000E+00
 -0.250000E+00 -0.250000E+00 -0.250000E+00 -0.250000E+00
     ELEMENT          44 [    2P]    GROUP    0
 -0.285671E+00 -0.380000E+00 -0.500000E+00 -0.353553E+00
 -0.285671E+00  0.000000E+00  0.000000E+00 -0.353553E+00
 -0.416667E+00 -0.416667E+00 -0.416667E+00 -0.416667E+00
 -0.285671E+00 -0.380000E+00 -0.500000E+00 -0.353553E+00
 -0.285671E+00  0.000000E+00  0.000000E+00 -0.353553E+00
 -0.250000E+00 -0.250000E+00 -0.250000E+00 -0.250000E+00
     ELEMENT          45 [    2Q]    GROUP    0
  0.000000E+00 -0.285671E+00 -0.353553E+00  0.000000E+00
 -0.380000E+00 -0.285671E+00 -0.353553E+00 -0.500000E+00
 -0.416667E+00 -0.416667E+00 -0.416667E+00 -0.416667E+00
  0.000000E+00 -0.285671E+00 -0.353553E+00  0.000000E+00
 -0.380000E+00 -0.285671E+00 -0.353553E+00 -0.500000E+00
 -0.250000E+00 -0.250000E+00 -0.250000E+00 -0.250000E+00
     ELEMENT          46 [    2R]    GROUP    0
  0.000000E+00 -0.353553E+00 -0.478952E+00  0.000000E+00
 -0.500000E+00 -0.353553E+00 -0.478952E+00 -0.552175E+00
 -0.416667E+00 -0.416667E+00 -0.416667E+00 -0.416667E+00
  0.000000E+00 -0.353553E+00 -0.478952E+00  0.000000E+00
 -0.500000E+00 -0.353553E+00 -0.478952E+00 -0.552175E+00
 -0.250000E+00 -0.250000E+00 -0.250000E+00 -0.250000E+00
     ELEMENT          47 [    2S]    GROUP    0
 -0.353553E+00 -0.500000E+00 -0.552175E+00 -0.478952E+00
 -0.353553E+00  0.000000E+00  0.000000E+00 -0.478952E+00
 -0.416667E+00 -0.416667E+00 -0.416667E+00 -0.416667E+00
 -0.353553E+00 -0.500000E+00 -0.552175E+00 -0.478952E+00
 -0.353553E+00  0.000000E+00  0.000000E+00 -0.478952E+00
 -0.250000E+00 -0.250000E+00 -0.250000E+00 -0.250000E+00
     ELEMENT          48 [    2T]    GROUP    0
  0.000000E+00 -0.478952E+00 -0.604350E+00  0.000000E+00
 -0.552175E+00 -0.478952E+00 -0.604350E+00 -0.604350E+00
 -0.416667E+00 -0.416667E+00 -0.416667E+00 -0.416667E+00
  0.000000E+00 -0.478952E+00 -0.604350E+00  0.000000E+00
 -0.552175E+00 -0.478952E+00 -0.604350E+00 -0.604350E+00
 -0.250000E+00 -0.250000E+00 -0.250000E+00 -0.250000E+00
     ELEMENT          49 [    2U]    GROUP    0
 -0.478952E+00 -0.552175E+00 -0.604350E+00 -0.604350E+00
 -0.478952E+00  0.000000E+00  0.000000E+00 -0.604350E+00
 -0.416667E+00 -0.416667E+00 -0.416667E+00 -0.416667E+00
 -0.478952E+00 -0.552175E+00 -0.604350E+00 -0.604350E+00
 -0.478952E+00  0.000000E+00  0.000000E+00 -0.604350E+00
 -0.250000E+00 -0.250000E+00 -0.250000E+00 -0.250000E+00
     ELEMENT          50 [    2V]    GROUP    0
  0.000000E+00  0.000000E+00  0.285671E+00  0.380000E+00
  0.000000E+00 -0.380000E+00 -0.285671E+00  0.000000E+00
 -0.416667E+00 -0.416667E+00 -0.416667E+00 -0.416667E+00
  0.000000E+00  0.000000E+00  0.285671E+00  0.380000E+00
  0.000000E+00 -0.380000E+00 -0.285671E+00  0.000000E+00
 -0.250000E+00 -0.250000E+00 -0.250000E+00 -0.250000E+00
     ELEMENT          51 [    2W]    GROUP    0
  0.285671E+00  0.000000E+00  0.000000E+00  0.353553E+00
 -0.285671E+00 -0.380000E+00 -0.500000E+00 -0.353553E+00
 -0.416667E+00 -0.416667E+00 -0.416667E+00 -0.416667E+00
  0.285671E+00  0.000000E+00  0.000000E+00  0.353553E+00
 -0.285671E+00 -0.380000E+00 -0.500000E+00 -0.353553E+00
 -0.250000E+00 -0.250000E+00 -0.250000E+00 -0.250000E+00
     ELEMENT          52 [    2X]    GROUP    0
  0.380000E+00  0.285671E+00  0.353553E+00  0.500000E+00
  0.000000E+00 -0.285671E+00 -0.353553E+00  0.000000E+00
 -0.416667E+00 -0.416667E+00 -0.416667E+00 -0.416667E+00
  0.380000E+00  0.285671E+00  0.353553E+00  0.500000E+00
  0.000000E+00 -0.285671E+00 -0.353553E+00  0.000000E+00
 -0.250000E+00 -0.250000E+00 -0.250000E+00 -0.250000E+00
     ELEMENT          53 [    2Y]    GROUP    0
  0.500000E+00  0.353553E+00  0.478952E+00  0.552175E+00
  0.000000E+00 -0.353553E+00 -0.478952E+00  0.000000E+00
 -0.416667E+00 -0.416667E+00 -0.416667E+00 -0.416667E+00
  0.500000E+00  0.353553E+00  0.478952E+00  0.552175E+00
  0.000000E+00 -0.353553E+00 -0.478952E+00  0.000000E+00
 -0.250000E+00 -0.250000E+00 -0.250000E+00 -0.250000E+00
     ELEMENT          54 [    2Z]    GROUP    0
  0.353553E+00  0.000000E+00  0.000000E+00  0.478952E+00
 -0.353553E+00 -0.500000E+00 -0.552175E+00 -0.478952E+00
 -0.416667E+00 -0.416667E+00 -0.416667E+00 -0.416667E+00
  0.353553E+00  0.000000E+00  0.000000E+00  0.478952E+00
 -0.353553E+00 -0.500000E+00 -0.552175E+00 -0.478952E+00
 -0.250000E+00 -0.250000E+00 -0.250000E+00 -0.250000E+00
     ELEMENT          55 [    2a]    GROUP    0
  0.552175E+00  0.478952E+00  0.604350E+00  0.604350E+00
  0.000000E+00 -0.478952E+00 -0.604350E+00  0.000000E+00
 -0.416667E+00 -0.416667E+00 -0.416667E+00 -0.416667E+00
  0.552175E+00  0.478952E+00  0.604350E+00  0.604350E+00
  0.000000E+00 -0.478952E+00 -0.604350E+00  0.000000E+00
 -0.250000E+00 -0.250000E+00 -0.250000E+00 -0.250000E+00
     ELEMENT          56 [    2b]    GROUP    0
  0.478952E+00  0.000000E+00  0.000000E+00  0.604350E+00
 -0.478952E+00 -0.552175E+00 -0.604350E+00 -0.604350E+00
 -0.416667E+00 -0.416667E+00 -0.416667E+00 -0.416667E+00
  0.478952E+00  0.000000E+00  0.000000E+00  0.604350E+00
 -0.478952E+00 -0.552175E+00 -0.604350E+00 -0.604350E+00
 -0.250000E+00 -0.250000E+00 -0.250000E+00 -0.250000E+00
     ELEMENT          57 [    3A]    GROUP    0
  0.000000E+00  0.380000E+00  0.285671E+00  0.000000E+00
  0.000000E+00  0.000000E+00  0.285671E+00  0.380000E+00
 -0.250000E+00 -0.250000E+00 -0.250000E+00 -0.250000E+00
  0.000000E+00  0.380000E+00  0.285671E+00  0.000000E+00
  0.000000E+00  0.000000E+00  0.285671E+00  0.380000E+00
 -0.833333E-01 -0.833333E-01 -0.833333E-01 -0.833333E-01
     ELEMENT          58 [    3B]    GROUP    0
  0.285671E+00  0.380000E+00  0.500000E+00  0.353553E+00
  0.285671E+00  0.000000E+00  0.000000E+00  0.353553E+00
 -0.250000E+00 -0.250000E+00 -0.250000E+00 -0.250000E+00
  0.285671E+00  0.380000E+00  0.500000E+00  0.353553E+00
  0.285671E+00  0.000000E+00  0.000000E+00  0.353553E+00
 -0.833333E-01 -0.833333E-01 -0.833333E-01 -0.833333E-01
     ELEMENT          59 [    3C]    GROUP    0
  0.000000E+00  0.285671E+00  0.353553E+00  0.000000E+00
  0.380000E+00  0.285671E+00  0.353553E+00  0.500000E+00
 -0.250000E+00 -0.250000E+00 -0.250000E+00 -0.250000E+00
  0.000000E+00  0.285671E+00  0.353553E+00  0.000000E+00
  0.380000E+00  0.285671E+00  0.353553E+00  0.500000E+00
 -0.833333E-01 -0.833333E-01 -0.833333E-01 -0.833333E-01
     ELEMENT          60 [    3D]    GROUP    0
  0.000000E+00  0.353553E+00  0.478952E+00  0.000000E+00
  0.500000E+00  0.353553E+00  0.478952E+00  0.552175E+00
 -0.250000E+00 -0.250000E+00 -0.250000E+00 -0.250000E+00
  0.000000E+00  0.353553E+00  0.478952E+00  0.000000E+00
  0.500000E+00  0.353553E+00  0.478952E+00  0.552175E+00
 -0.833333E-01 -0.833333E-01 -0.833333E-01 -0.833333E-01
     ELEMENT          61 [    3E]    GROUP    0
  0.353553E+00  0.500000E+00  0.552175E+00  0.478952E+00
  0.353553E+00  0.000000E+00  0.000000E+00  0.478952E+00
 -0.250000E+00 -0.250000E+00 -0.250000E+00 -0.250000E+00
  0.353553E+00  0.500000E+00  0.552175E+00  0.478952E+00
  0.353553E+00  0.000000E+00  0.000000E+00  0.478952E+00
 -0.833333E-01 -0.833333E-01 -0.833333E-01 -0.833333E-01
     ELEMENT          62 [    3F]    GROUP    0
  0.000000E+00  0.478952E+00  0.604350E+00  0.000000E+00
  0.552175E+00  0.478952E+00  0.604350E+00  0.604350E+00
 -0.250000E+00 -0.250000E+00 -0.250000E+00 -0.250000E+00
  0.000000E+00  0.478952E+00  0.604350E+00  0.000000E+00
  0.552175E+00  0.478952E+00  0.604350E+00  0.604350E+00
 -0.833333E-01 -0.833333E-01 -0.833333E-01 -0.833333E-01
     ELEMENT          63 [    3G]    GROUP    0
  0.478952E+00  0.552175E+00  0.604350E+00  0.604350E+00
  0.478952E+00  0.000000E+00  0.000000E+00  0.604350E+00
 -0.250000E+00 -0.250000E+00 -0.250000E+00 -0.250000E+00
  0.478952E+00  0.552175E+00  0.604350E+00  0.604350E+00
  0.478952E+00  0.000000E+00  0.000000E+00  0.604350E+00
 -0.833333E-01 -0.833333E-01 -0.833333E-01 -0.833333E-01
     ELEMENT          64 [    3H]    GROUP    0
  0.000000E+00  0.000000E+00 -0.285671E+00 -0.380000E+00
  0.000000E+00  0.380000E+00  0.285671E+00  0.000000E+00
 -0.250000E+00 -0.250000E+00 -0.250000E+00 -0.250000E+00
  0.000000E+00  0.000000E+00 -0.285671E+00 -0.380000E+00
  0.000000E+00  0.380000E+00  0.285671E+00  0.000000E+00
 -0.833333E-01 -0.833333E-01 -0.833333E-01 -0.833333E-01
     ELEMENT          65 [    3I]    GROUP    0
 -0.285671E+00  0.000000E+00  0.000000E+00 -0.353553E+00
  0.285671E+00  0.380000E+00  0.500000E+00  0.353553E+00
 -0.250000E+00 -0.250000E+00 -0.250000E+00 -0.250000E+00
 -0.285671E+00  0.000000E+00  0.000000E+00 -0.353553E+00
  0.285671E+00  0.380000E+00  0.500000E+00  0.353553E+00
 -0.833333E-01 -0.833333E-01 -0.833333E-01 -0.833333E-01
     ELEMENT          66 [    3J]    GROUP    0
 -0.380000E+00 -0.285671E+00 -0.353553E+00 -0.500000E+00
  0.000000E+00  0.285671E+00  0.353553E+00  0.000000E+00
 -0.250000E+00 -0.250000E+00 -0.250000E+00 -0.250000E+00
 -0.380000E+00 -0.285671E+00 -0.353553E+00 -0.500000E+00
  0.000000E+00  0.285671E+00  0.353553E+00  0.000000E+00
 -0.833333E-01 -0.833333E-01 -0.833333E-01 -0.833333E-01
     ELEMENT          67 [    3K]    GROUP    0
 -0.500000E+00 -0.353553E+00 -0.478952E+00 -0.552175E+00
  0.000000E+00  0.353553E+00  0.478952E+00  0.000000E+00
 -0.250000E+00 -0.250000E+00 -0.250000E+00 -0.250000E+00
 -0.500000E+00 -0.353553E+00 -0.478952E+00 -0.552175E+00
  0.000000E+00  0.353553E+00  0.478952E+00  0.000000E+00
 -0.833333E-01 -0.833333E-01 -0.833333E-01 -0.833333E-01
     ELEMENT          68 [    3L]    GROUP    0
 -0.353553E+00  0.000000E+00  0.000000E+00 -0.478952E+00
  0.353553E+00  0.500000E+00  0.552175E+00  0.478952E+00
 -0.250000E+00 -0.250000E+00 -0.250000E+00 -0.250000E+00
 -0.353553E+00  0.000000E+00  0.000000E+00 -0.478952E+00
  0.353553E+00  0.500000E+00  0.552175E+00  0.478952E+00
 -0.833333E-01 -0.833333E-01 -0.833333E-01 -0.833333E-01
     ELEMENT          69 [    3M]    GROUP    0
 -0.552175E+00 -0.478952E+00 -0.604350E+00 -0.604350E+00
  0.000000E+00  0.478952E+00  0.604350E+00  0.000000E+00
 -0.250000E+00 -0.250000E+00 -0.250000E+00 -0.250000E+00
 -0.552175E+00 -0.478952E+00 -0.604350E+00 -0.604350E+00
  0.000000E+00  0.478952E+00  0.604350E+00  0.000000E+00
 -0.833333E-01 -0.833333E-01 -0.833333E-01 -0.833333E-01
     ELEMENT          70 [    3N]    GROUP    0
 -0.478952E+00  0.000000E+00  0.000000E+00 -0.604350E+00
  0.478952E+00  0.552175E+00  0.604350E+00  0.604350E+00
 -0.250000E+00 -0.250000E+00 -0.250000E+00 -0.250000E+00
 -0.478952E+00  0.000000E+00  0.000000E+00 -0.604350E+00
  0.478952E+00  0.552175E+00  0.604350E+00  0.604350E+00
 -0.833333E-01 -0.833333E-01 -0.833333E-01 -0.833333E-01
     ELEMENT          71 [    3O]    GROUP    0
  0.000000E+00 -0.380000E+00 -0.285671E+00  0.000000E+00
  0.000000E+00  0.000000E+00 -0.285671E+00 -0.380000E+00
 -0.250000E+00 -0.250000E+00 -0.250000E+00 -0.250000E+00
  0.000000E+00 -0.380000E+00 -0.285671E+00  0.000000E+00
  0.000000E+00  0.000000E+00 -0.285671E+00 -0.380000E+00
 -0.833333E-01 -0.833333E-01 -0.833333E-01 -0.833333E-01
     ELEMENT          72 [    3P]    GROUP    0
 -0.285671E+00 -0.380000E+00 -0.500000E+00 -0.353553E+00
 -0.285671E+00  0.000000E+00  0.000000E+00 -0.353553E+00
 -0.250000E+00 -0.250000E+00 -0.250000E+00 -0.250000E+00
 -0.285671E+00 -0.380000E+00 -0.500000E+00 -0.353553E+00
 -0.285671E+00  0.000000E+00  0.000000E+00 -0.353553E+00
 -0.833333E-01 -0.833333E-01 -0.833333E-01 -0.833333E-01
     ELEMENT          73 [    3Q]    GROUP    0
  0.000000E+00 -0.285671E+00 -0.353553E+00  0.000000E+00
 -0.380000E+00 -0.285671E+00 -0.353553E+00 -0.500000E+00
 -0.250000E+00 -0.250000E+00 -0.250000E+00 -0.250000E+00
  0.000000E+00 -0.285671E+00 -0.353553E+00  0.000000E+00
 -0.380000E+00 -0.285671E+00 -0.353553E+00 -0.500000E+00
 -0.833333E-01 -0.833333E-01 -0.833333E-01 -0.833333E-01
     ELEMENT          74 [    3R]    GROUP    0
  0.000000E+00 -0.353553E+00 -0.478952E+00  0.000000E+00
 -0.500000E+00 -0.353553E+00 -0.478952E+00 -0.552175E+00
 -0.250000E+00 -0.250000E+00 -0.250000E+00 -0.250000E+00
  0.000000E+00 -0.353553E+00 -0.478952E+00  0.000000E+00
 -0.500000E+00 -0.353553E+00 -0.478952E+00 -0.552175E+00
 -0.833333E-01 -0.833333E-01 -0.833333E-01 -0.833333E-01
     ELEMENT          75 [    3S]    GROUP    0
 -0.353553E+00 -0.500000E+00 -0.552175E+00 -0.478952E+00
 -0.353553E+00  0.000000E+00  0.000000E+00 -0.478952E+00
 -0.250000E+00 -0.250000E+00 -0.250000E+00 -0.250000E+00
 -0.353553E+00 -0.500000E+00 -0.552175E+00 -0.478952E+00
 -0.353553E+00  0.000000E+00  0.000000E+00 -0.478952E+00
 -0.833333E-01 -0.833333E-01 -0.833333E-01 -0.833333E-01
     ELEMENT          76 [    3T]    GROUP    0
  0.000000E+00 -0.478952E+00 -0.604350E+00  0.000000E+00
 -0.552175E+00 -0.478952E+00 -0.604350E+00 -0.604350E+00
 -0.250000E+00 -0.250000E+00 -0.250000E+00 -0.250000E+00
  0.000000E+00 -0.478952E+00 -0.604350E+00  0.000000E+00
 -0.552175E+00 -0.478952E+00 -0.604350E+00 -0.604350E+00
 -0.833333E-01 -0.833333E-01 -0.833333E-01 -0.833333E-01
     ELEMENT          77 [    3U]    GROUP    0
 -0.478952E+00 -0.552175E+00 -0.604350E+00 -0.604350E+00
 -0.478952E+00  0.000000E+00  0.000000E+00 -0.604350E+00
 -0.250000E+00 -0.250000E+00 -0.250000E+00 -0.250000E+00
 -0.478952E+00 -0.552175E+00 -0.604350E+00 -0.604350E+00
 -0.478952E+00  0.000000E+00  0.000000E+00 -0.604350E+00
 -0.833333E-01 -0.833333E-01 -0.833333E-01 -0.833333E-01
     ELEMENT          78 [    3V]    GROUP    0
  0.000000E+00  0.000000E+00  0.285671E+00  0.380000E+00
  0.000000E+00 -0.380000E+00 -0.285671E+00  0.000000E+00
 -0.250000E+00 -0.250000E+00 -0.250000E+00 -0.250000E+00
  0.000000E+00  0.000000E+00  0.285671E+00  0.380000E+00
  0.000000E+00 -0.380000E+00 -0.285671E+00  0.000000E+00
 -0.833333E-01 -0.833333E-01 -0.833333E-01 -0.833333E-01
     ELEMENT          79 [    3W]    GROUP    0
  0.285671E+00  0.000000E+00  0.000000E+00  0.353553E+00
 -0.285671E+00 -0.380000E+00 -0.500000E+00 -0.353553E+00
 -0.250000E+00 -0.250000E+00 -0.250000E+00 -0.250000E+00
  0.285671E+00  0.000000E+00  0.000000E+00  0.353553E+00
 -0.285671E+00 -0.380000E+00 -0.500000E+00 -0.353553E+00
 -0.833333E-01 -0.833333E-01 -0.833333E-01 -0.833333E-01
     ELEMENT          80 [    3X]    GROUP    0
  0.380000E+00  0.285671E+00  0.353553E+00  0.500000E+00
  0.000000E+00 -0.285671E+00 -0.353553E+00  0.000000E+00
 -0.250000E+00 -0.250000E+00 -0.250000E+00 -0.250000E+00
  0.380000E+00  0.285671E+00  0.353553E+00  0.500000E+00
  0.000000E+00 -0.285671E+00 -0.353553E+00  0.000000E+00
 -0.833333E-01 -0.833333E-01 -0.833333E-01 -0.833333E-01
     ELEMENT          81 [    3Y]    GROUP    0
  0.500000E+00  0.353553E+00  0.478952E+00  0.552175E+00
  0.000000E+00 -0.353553E+00 -0.478952E+00  0.000000E+00
 -0.250000E+00 -0.250000E+00 -0.250000E+00 -0.250000E+00
  0.500000E+00  0.353553E+00  0.478952E+00  0.552175E+00
  0.000000E+00 -0.353553E+00 -0.478952E+00  0.000000E+00
 -0.833333E-01 -0.833333E-01 -0.833333E-01 -0.833333E-01
     ELEMENT          82 [    3Z]    GROUP    0
  0.353553E+00  0.000000E+00  0.000000E+00  0.478952E+00
 -0.353553E+00 -0.500000E+00 -0.552175E+00 -0.478952E+00
 -0.250000E+00 -0.250000E+00 -0.250000E+00 -0.250000E+00
  0.353553E+00  0.000000E+00  0.000000E+00  0.478952E+00
 -0.353553E+00 -0.500000E+00 -0.552175E+00 -0.478952E+00
 -0.833333E-01 -0.833333E-01 -0.833333E-01 -0.833333E-01
     ELEMENT          83 [    3a]    GROUP    0
  0.552175E+00  0.478952E+00  0.604350E+00  0.604350E+00
  0.000000E+00 -0.478952E+00 -0.604350E+00  0.000000E+00
 -0.250000E+00 -0.250000E+00 -0.250000E+00 -0.250000E+00
  0.552175E+00  0.478952E+00  0.604350E+00  0.604350E+00
  0.000000E+00 -0.478952E+00 -0.604350E+00  0.000000E+00
 -0.833333E-01 -0.833333E-01 -0.833333E-01 -0.833333E-01
     ELEMENT          84 [    3b]    GROUP    0
  0.478952E+00  0.000000E+00  0.000000E+00  0.604350E+00
 -0.478952E+00 -0.552175E+00 -0.604350E+00 -0.604350E+00
 -0.250000E+00 -0.250000E+00 -0.250000E+00 -0.250000E+00
  0.478952E+00  0.000000E+00  0.000000E+00  0.604350E+00
 -0.478952E+00 -0.552175E+00 -0.604350E+00 -0.604350E+00
 -0.833333E-01 -0.833333E-01 -0.833333E-01 -0.833333E-01
     ELEMENT          85 [    4A]    GROUP    0
  0.000000E+00  0.380000E+00  0.285671E+00  0.000000E+00
  0.000000E+00  0.000000E+00  0.285671E+00  0.380000E+00
